/*--------------------------------*- C++ -*----------------------------------*\
| =========                 |                                                 |
| \\      /  F ield         | OpenFOAM: The Open Source CFD Toolbox           |
|  \\    /   O peration     | Version:  2.2.0                                 |
|   \\  /    A nd           | Web:      www.OpenFOAM.org                      |
|    \\/     M anipulation  |                                                 |
\*---------------------------------------------------------------------------*/
FoamFile
{
    version     2.0;
    format      ascii;
    class       faceList;
    location    "constant/polyMesh";
    object      faces;
}
// * * * * * * * * * * * * * * * * * * * * * * * * * * * * * * * * * * * * * //


2594
(
4(56 100 670 336)
4(236 336 670 570)
4(56 236 570 100)
4(30 74 671 337)
4(237 337 671 571)
4(30 237 571 74)
4(239 296 630 573)
4(296 146 480 630)
4(239 573 480 146)
4(241 297 631 575)
4(297 147 481 631)
4(241 575 481 147)
4(250 235 569 584)
4(161 495 569 235)
4(161 250 584 495)
4(251 234 568 585)
4(160 494 568 234)
4(160 251 585 494)
4(172 506 585 251)
4(172 234 568 506)
4(173 507 584 250)
4(173 235 569 507)
4(152 486 546 212)
4(152 264 598 486)
4(264 212 546 598)
4(153 487 547 213)
4(153 265 599 487)
4(265 213 547 599)
4(29 73 671 337)
4(55 99 670 336)
4(286 277 611 620)
4(182 516 611 277)
4(182 286 620 516)
4(287 276 610 621)
4(183 517 610 276)
4(183 287 621 517)
4(143 477 666 332)
4(143 295 629 477)
4(295 332 666 629)
4(142 476 667 333)
4(142 294 628 476)
4(294 333 667 628)
4(317 323 657 651)
4(201 317 651 535)
4(201 535 657 323)
4(316 322 656 650)
4(316 650 534 200)
4(322 200 534 656)
4(233 567 700 366)
4(387 366 700 721)
4(233 387 721 567)
4(232 566 701 367)
4(386 367 701 720)
4(232 386 720 566)
4(192 526 718 384)
4(322 384 718 656)
4(192 322 656 526)
4(193 527 719 385)
4(323 385 719 657)
4(193 323 657 527)
4(146 248 582 480)
4(248 224 558 582)
4(146 480 558 224)
4(147 249 583 481)
4(249 225 559 583)
4(147 481 559 225)
4(135 469 621 287)
4(135 276 610 469)
4(134 468 620 286)
4(134 277 611 468)
4(230 244 578 564)
4(160 494 578 244)
4(160 230 564 494)
4(231 245 579 565)
4(161 495 579 245)
4(161 231 565 495)
4(238 222 556 572)
4(156 238 572 490)
4(156 490 556 222)
4(240 223 557 574)
4(157 240 574 491)
4(157 491 557 223)
4(143 477 589 255)
4(332 255 589 666)
4(142 476 588 254)
4(333 254 588 667)
4(266 251 585 600)
4(136 266 600 470)
4(136 470 585 251)
4(267 250 584 601)
4(137 267 601 471)
4(137 471 584 250)
4(166 500 565 231)
4(166 245 579 500)
4(167 501 564 230)
4(167 244 578 501)
4(240 340 674 574)
4(340 223 557 674)
4(238 341 675 572)
4(222 556 675 341)
4(190 524 636 302)
4(190 255 589 524)
4(255 302 636 589)
4(191 525 637 303)
4(191 254 588 525)
4(254 303 637 588)
4(158 492 734 400)
4(158 228 562 492)
4(228 400 734 562)
4(159 493 735 401)
4(159 229 563 493)
4(229 401 735 563)
4(427 259 593 761)
4(180 514 593 259)
4(180 427 761 514)
4(426 258 592 760)
4(181 515 592 258)
4(181 426 760 515)
4(400 454 788 734)
4(158 492 788 454)
4(401 455 789 735)
4(159 493 789 455)
4(145 323 657 479)
4(317 145 479 651)
4(144 322 656 478)
4(316 144 478 650)
4(158 361 695 492)
4(361 228 562 695)
4(159 360 694 493)
4(360 229 563 694)
4(189 232 566 523)
4(189 523 701 367)
4(188 233 567 522)
4(188 522 700 366)
4(427 436 770 761)
4(259 593 770 436)
4(426 437 771 760)
4(258 592 771 437)
4(182 516 573 239)
4(182 296 630 516)
4(183 517 575 241)
4(183 297 631 517)
4(2 240 574 13)
4(240 403 737 574)
4(2 13 737 403)
4(3 238 572 15)
4(238 402 736 572)
4(3 15 736 402)
4(38 82 533 199)
4(38 347 681 82)
4(347 199 533 681)
4(198 64 108 532)
4(64 346 680 108)
4(198 532 680 346)
4(300 341 675 634)
4(18 300 634 127)
4(18 127 675 341)
4(301 340 674 635)
4(16 301 635 125)
4(16 125 674 340)
4(198 334 668 532)
4(334 64 108 668)
4(199 335 669 533)
4(38 82 669 335)
4(240 574 575 241)
4(157 241 575 491)
4(239 238 572 573)
4(156 239 573 490)
4(302 433 767 636)
4(190 524 767 433)
4(303 432 766 637)
4(191 525 766 432)
4(192 526 604 270)
4(384 270 604 718)
4(193 527 605 271)
4(385 271 605 719)
4(217 278 612 551)
4(164 217 551 498)
4(164 498 612 278)
4(216 279 613 550)
4(165 216 550 499)
4(165 499 613 279)
4(172 506 660 326)
4(172 221 555 506)
4(221 326 660 555)
4(173 507 661 327)
4(173 220 554 507)
4(220 327 661 554)
4(172 506 600 266)
4(173 507 601 267)
4(62 345 679 106)
4(304 638 679 345)
4(304 62 106 638)
4(36 344 678 80)
4(305 639 678 344)
4(305 36 80 639)
4(364 208 542 698)
4(191 525 542 208)
4(191 364 698 525)
4(365 209 543 699)
4(190 524 543 209)
4(190 365 699 524)
4(212 546 734 400)
4(212 454 788 546)
4(213 547 735 401)
4(213 455 789 547)
4(244 578 754 420)
4(244 352 686 578)
4(352 420 754 686)
4(245 579 755 421)
4(245 353 687 579)
4(353 421 755 687)
4(260 455 789 594)
4(218 260 594 552)
4(218 552 789 455)
4(261 454 788 595)
4(219 261 595 553)
4(219 553 788 454)
4(284 252 586 618)
4(134 468 586 252)
4(134 284 618 468)
4(285 253 587 619)
4(135 469 587 253)
4(135 285 619 469)
4(152 486 734 400)
4(153 487 735 401)
4(203 537 612 278)
4(256 278 612 590)
4(203 256 590 537)
4(202 536 613 279)
4(257 279 613 591)
4(202 257 591 536)
4(128 462 551 217)
4(128 278 612 462)
4(129 463 550 216)
4(129 279 613 463)
4(291 209 543 625)
4(291 625 699 365)
4(290 208 542 624)
4(290 624 698 364)
4(280 329 663 614)
4(139 473 663 329)
4(139 280 614 473)
4(281 328 662 615)
4(138 472 662 328)
4(138 281 615 472)
4(140 407 741 474)
4(320 654 741 407)
4(320 140 474 654)
4(141 406 740 475)
4(321 655 740 406)
4(321 141 475 655)
4(261 407 741 595)
4(140 261 595 474)
4(260 406 740 594)
4(141 260 594 475)
4(420 160 494 754)
4(421 161 495 755)
4(27 123 652 318)
4(272 318 652 606)
4(27 272 606 123)
4(319 53 97 653)
4(273 319 653 607)
4(273 607 97 53)
4(174 508 618 284)
4(174 252 586 508)
4(175 509 619 285)
4(175 253 587 509)
4(279 434 768 613)
4(202 536 768 434)
4(278 435 769 612)
4(203 537 769 435)
4(374 317 651 708)
4(201 374 708 535)
4(316 650 709 375)
4(200 375 709 534)
4(277 324 658 611)
4(182 516 658 324)
4(276 325 659 610)
4(183 517 659 325)
4(265 599 752 418)
4(265 434 768 599)
4(434 418 752 768)
4(264 598 753 419)
4(264 435 769 598)
4(435 419 753 769)
4(159 493 594 260)
4(158 492 595 261)
4(186 520 614 280)
4(186 329 663 520)
4(187 521 615 281)
4(187 328 662 521)
4(190 524 702 368)
4(209 368 702 543)
4(191 525 703 369)
4(208 369 703 542)
4(164 498 664 330)
4(302 330 664 636)
4(164 302 636 498)
4(165 499 665 331)
4(303 331 665 637)
4(165 303 637 499)
4(3 341 675 15)
4(2 340 674 13)
4(246 410 744 580)
4(246 580 482 148)
4(410 148 482 744)
4(247 411 745 581)
4(247 581 483 149)
4(411 149 483 745)
4(142 476 558 224)
4(444 224 558 778)
4(142 444 778 476)
4(143 477 559 225)
4(445 225 559 779)
4(143 445 779 477)
4(49 93 569 235)
4(50 235 569 94)
4(23 119 568 234)
4(24 234 568 120)
4(43 87 580 246)
4(44 246 580 88)
4(69 113 581 247)
4(70 247 581 114)
4(159 283 617 493)
4(283 360 694 617)
4(158 282 616 492)
4(282 361 695 616)
4(330 217 551 664)
4(331 216 550 665)
4(160 312 646 494)
4(312 230 564 646)
4(161 313 647 495)
4(313 231 565 647)
4(247 204 538 581)
4(204 411 745 538)
4(246 205 539 580)
4(205 410 744 539)
4(26 122 652 318)
4(52 96 653 319)
4(54 336 670 98)
4(336 273 607 670)
4(54 98 607 273)
4(28 337 671 72)
4(337 272 606 671)
4(28 72 606 272)
4(239 286 620 573)
4(241 287 621 575)
4(155 214 548 489)
4(214 443 777 548)
4(155 489 777 443)
4(154 215 549 488)
4(215 442 776 549)
4(154 488 776 442)
4(297 249 583 631)
4(248 582 630 296)
4(300 222 556 634)
4(301 223 557 635)
4(327 235 569 661)
4(326 234 568 660)
4(241 382 716 575)
4(240 574 716 382)
4(239 383 717 573)
4(383 238 572 717)
4(173 338 672 507)
4(338 220 554 672)
4(172 339 673 506)
4(339 221 555 673)
4(130 227 561 464)
4(227 303 637 561)
4(130 464 637 303)
4(131 226 560 465)
4(226 302 636 560)
4(131 465 636 302)
4(217 299 633 551)
4(128 462 633 299)
4(216 298 632 550)
4(129 463 632 298)
4(240 207 541 574)
4(207 403 737 541)
4(206 540 572 238)
4(206 402 736 540)
4(1 12 634 300)
4(1 258 592 12)
4(258 300 634 592)
4(0 14 635 301)
4(0 259 593 14)
4(259 301 635 593)
4(235 313 647 569)
4(234 312 646 568)
4(358 227 561 692)
4(130 358 692 464)
4(359 226 560 693)
4(131 359 693 465)
4(136 366 700 470)
4(136 470 721 387)
4(137 367 701 471)
4(137 471 720 386)
4(184 518 561 227)
4(362 227 561 696)
4(184 362 696 518)
4(185 519 560 226)
4(363 226 560 697)
4(185 363 697 519)
4(292 444 778 626)
4(180 292 626 514)
4(180 514 778 444)
4(293 445 779 627)
4(181 293 627 515)
4(181 515 779 445)
4(144 384 718 478)
4(145 385 719 479)
4(308 642 791 457)
4(308 151 485 642)
4(151 457 791 485)
4(309 643 790 456)
4(309 150 484 643)
4(150 456 790 484)
4(169 324 658 503)
4(169 503 611 277)
4(168 325 659 502)
4(168 502 610 276)
4(63 345 679 107)
4(37 344 678 81)
4(168 502 679 345)
4(168 304 638 502)
4(344 169 503 678)
4(305 639 503 169)
4(184 518 692 358)
4(185 519 693 359)
4(154 488 680 346)
4(438 346 680 772)
4(154 438 772 488)
4(155 489 681 347)
4(439 347 681 773)
4(155 439 773 489)
4(151 227 561 485)
4(151 485 696 362)
4(150 226 560 484)
4(150 484 697 363)
4(60 422 756 104)
4(268 602 756 422)
4(268 60 104 602)
4(34 423 757 78)
4(423 269 603 757)
4(34 78 603 269)
4(49 93 661 327)
4(23 119 660 326)
4(294 224 558 628)
4(248 294 628 582)
4(225 559 629 295)
4(249 295 629 583)
4(380 264 598 714)
4(152 380 714 486)
4(381 265 599 715)
4(153 381 715 487)
4(370 444 778 704)
4(292 370 704 626)
4(371 445 779 705)
4(293 371 705 627)
4(147 481 705 371)
4(225 371 705 559)
4(146 480 704 370)
4(224 370 704 558)
4(247 581 731 397)
4(149 397 731 483)
4(246 580 730 396)
4(148 396 730 482)
4(418 213 547 752)
4(419 212 546 753)
4(404 358 692 738)
4(214 548 692 358)
4(214 404 738 548)
4(405 359 693 739)
4(215 549 693 359)
4(215 405 739 549)
4(193 247 581 527)
4(193 527 731 397)
4(192 246 580 526)
4(192 526 730 396)
4(226 330 664 560)
4(227 331 665 561)
4(236 194 528 570)
4(194 425 759 528)
4(236 570 759 425)
4(237 195 529 571)
4(195 424 758 529)
4(237 571 758 424)
4(154 399 733 488)
4(399 215 549 733)
4(155 398 732 489)
4(398 214 548 732)
4(129 434 768 463)
4(128 435 769 462)
4(242 176 510 576)
4(176 343 677 510)
4(242 576 677 343)
4(243 177 511 577)
4(177 342 676 511)
4(243 577 676 342)
4(391 246 580 725)
4(192 391 725 526)
4(390 247 581 724)
4(193 390 724 527)
4(316 650 545 211)
4(375 211 545 709)
4(317 651 544 210)
4(374 210 544 708)
4(166 500 653 319)
4(231 319 653 565)
4(167 501 652 318)
4(230 318 652 564)
4(166 500 641 307)
4(166 236 570 500)
4(236 307 641 570)
4(167 501 640 306)
4(167 237 571 501)
4(237 306 640 571)
4(281 285 619 615)
4(187 521 619 285)
4(280 284 618 614)
4(186 520 618 284)
4(156 286 620 490)
4(157 287 621 491)
4(308 642 566 232)
4(457 232 566 791)
4(309 643 567 233)
4(456 233 567 790)
4(346 274 608 680)
4(154 488 608 274)
4(347 275 609 681)
4(155 489 609 275)
4(133 467 631 297)
4(133 249 583 467)
4(132 466 630 296)
4(132 248 582 466)
4(348 258 592 682)
4(1 348 682 12)
4(349 259 593 683)
4(0 349 683 14)
4(289 359 693 623)
4(131 289 623 465)
4(288 358 692 622)
4(288 622 464 130)
4(254 369 703 588)
4(142 476 703 369)
4(255 368 702 589)
4(143 477 702 368)
4(139 473 590 256)
4(365 256 590 699)
4(139 365 699 473)
4(138 472 591 257)
4(364 257 591 698)
4(138 364 698 472)
4(288 622 548 214)
4(288 443 777 622)
4(289 623 549 215)
4(289 442 776 623)
4(256 416 750 590)
4(139 473 750 416)
4(257 417 751 591)
4(138 472 751 417)
4(244 306 640 578)
4(244 578 474 140)
4(306 140 474 640)
4(245 307 641 579)
4(245 579 475 141)
4(307 141 475 641)
4(391 43 87 725)
4(390 69 113 724)
4(184 518 738 404)
4(185 519 739 405)
4(442 176 510 776)
4(242 442 776 576)
4(443 177 511 777)
4(243 443 777 577)
4(247 409 743 581)
4(409 204 538 743)
4(246 408 742 580)
4(408 205 539 742)
4(326 660 786 452)
4(221 452 786 555)
4(327 661 787 453)
4(220 453 787 554)
4(151 216 550 485)
4(151 485 665 331)
4(150 217 551 484)
4(150 484 664 330)
4(374 266 600 708)
4(136 374 708 470)
4(375 267 601 709)
4(137 375 709 471)
4(140 352 686 474)
4(141 353 687 475)
4(308 216 550 642)
4(309 217 551 643)
4(61 422 756 105)
4(35 423 757 79)
4(305 639 79 35)
4(305 423 757 639)
4(304 638 105 61)
4(304 422 756 638)
4(236 356 690 570)
4(356 194 528 690)
4(237 357 691 571)
4(357 195 529 691)
4(68 271 605 112)
4(67 111 605 271)
4(42 270 604 86)
4(41 85 604 270)
4(201 266 600 535)
4(200 267 601 534)
4(166 336 670 500)
4(167 337 671 501)
4(164 498 590 256)
4(165 499 591 257)
4(70 409 743 114)
4(44 408 742 88)
4(39 83 609 275)
4(40 275 609 84)
4(65 109 608 274)
4(66 274 608 110)
4(265 441 775 599)
4(202 265 599 536)
4(202 536 775 441)
4(264 440 774 598)
4(203 264 598 537)
4(203 537 774 440)
4(206 146 480 540)
4(206 540 704 370)
4(207 147 481 541)
4(207 541 705 371)
4(383 146 480 717)
4(206 383 717 540)
4(382 147 481 716)
4(207 382 716 541)
4(24 312 646 120)
4(50 313 647 94)
4(20 378 712 116)
4(20 116 710 376)
4(378 376 710 712)
4(46 379 713 90)
4(46 90 711 377)
4(379 377 711 713)
4(208 436 770 542)
4(208 542 761 427)
4(209 437 771 543)
4(209 543 760 426)
4(39 347 681 83)
4(65 346 680 109)
4(251 366 700 585)
4(250 367 701 584)
4(261 195 529 595)
4(261 595 746 412)
4(195 412 746 529)
4(194 528 594 260)
4(413 260 594 747)
4(194 413 747 528)
4(56 356 690 100)
4(30 357 691 74)
4(162 301 635 496)
4(162 496 593 259)
4(163 300 634 497)
4(163 497 592 258)
4(325 263 597 659)
4(133 467 597 263)
4(133 325 659 467)
4(324 262 596 658)
4(132 466 596 262)
4(132 324 658 466)
4(325 297 631 659)
4(324 296 630 658)
4(261 424 758 595)
4(260 425 759 594)
4(33 77 562 228)
4(33 392 726 77)
4(392 228 562 726)
4(229 59 103 563)
4(59 393 727 103)
4(229 563 727 393)
4(175 509 599 265)
4(175 441 775 509)
4(174 508 598 264)
4(174 440 774 508)
4(298 406 740 632)
4(406 218 552 740)
4(298 632 552 218)
4(299 407 741 633)
4(407 219 553 741)
4(299 633 553 219)
4(298 171 505 632)
4(171 406 740 505)
4(299 170 504 633)
4(170 407 741 504)
4(33 77 695 361)
4(360 59 103 694)
4(32 76 793 459)
4(32 282 616 76)
4(282 459 793 616)
4(458 58 102 792)
4(283 617 102 58)
4(283 458 792 617)
4(271 390 724 605)
4(270 391 725 604)
4(450 232 566 784)
4(189 450 784 523)
4(451 233 567 785)
4(188 451 785 522)
4(431 301 635 765)
4(162 431 765 496)
4(430 300 634 764)
4(163 430 764 497)
4(180 514 683 349)
4(181 515 682 348)
4(130 464 588 254)
4(131 465 589 255)
4(313 446 780 647)
4(446 231 565 780)
4(312 447 781 646)
4(447 230 564 781)
4(289 176 510 623)
4(288 177 511 622)
4(174 508 714 380)
4(175 509 715 381)
4(299 633 643 309)
4(298 632 642 308)
4(68 390 724 112)
4(42 391 725 86)
4(169 262 596 503)
4(168 263 597 502)
4(51 95 647 313)
4(51 446 780 95)
4(25 121 646 312)
4(25 447 781 121)
4(459 31 75 793)
4(57 101 792 458)
4(203 416 750 537)
4(202 417 751 536)
4(132 466 729 395)
4(262 395 729 596)
4(133 467 728 394)
4(263 394 728 597)
4(156 490 689 355)
4(222 355 689 556)
4(157 491 688 354)
4(223 354 688 557)
4(428 270 604 762)
4(196 530 604 270)
4(196 428 762 530)
4(429 271 605 763)
4(197 531 605 271)
4(197 429 763 531)
4(431 223 557 765)
4(430 222 556 764)
4(421 250 584 755)
4(420 251 585 754)
4(252 350 684 586)
4(134 468 684 350)
4(253 351 685 587)
4(135 469 685 351)
4(174 508 614 280)
4(175 509 615 281)
4(21 378 712 117)
4(47 379 713 91)
4(316 362 696 650)
4(184 316 650 518)
4(317 363 697 651)
4(185 317 651 519)
4(248 177 511 582)
4(177 294 628 511)
4(176 510 583 249)
4(176 295 629 510)
4(200 396 730 534)
4(200 534 748 414)
4(396 414 748 730)
4(201 397 731 535)
4(201 535 749 415)
4(397 415 749 731)
4(140 424 758 474)
4(141 425 759 475)
4(288 622 667 333)
4(130 333 667 464)
4(332 289 623 666)
4(131 332 666 465)
4(322 396 730 656)
4(323 397 731 657)
4(380 252 586 714)
4(381 253 587 715)
4(309 170 504 643)
4(308 171 505 642)
4(286 620 645 311)
4(156 311 645 490)
4(287 621 644 310)
4(157 310 644 491)
4(166 500 607 273)
4(167 501 606 272)
4(133 343 677 467)
4(343 249 583 677)
4(132 342 676 466)
4(342 248 582 676)
4(41 85 762 428)
4(67 111 763 429)
4(211 362 696 545)
4(210 363 697 544)
4(376 4 11 710)
4(377 7 9 711)
4(376 71 115 710)
4(45 89 711 377)
4(333 177 511 667)
4(332 176 510 666)
4(285 310 644 619)
4(187 521 644 310)
4(284 311 645 618)
4(186 520 645 311)
4(204 538 712 378)
4(204 376 710 538)
4(205 539 713 379)
4(205 377 711 539)
4(129 463 752 418)
4(298 418 752 632)
4(128 462 753 419)
4(299 419 753 633)
4(164 433 767 498)
4(165 432 766 499)
4(267 338 672 601)
4(266 339 673 600)
4(179 513 602 268)
4(373 268 602 707)
4(179 373 707 513)
4(178 512 603 269)
4(372 269 603 706)
4(178 372 706 512)
4(314 648 549 215)
4(314 405 739 648)
4(315 649 548 214)
4(315 404 738 649)
4(307 641 759 425)
4(306 640 758 424)
4(134 311 645 468)
4(135 310 644 469)
4(275 398 732 609)
4(274 399 733 608)
4(159 493 747 413)
4(158 492 746 412)
4(460 373 707 794)
4(153 487 707 373)
4(153 460 794 487)
4(461 372 706 795)
4(152 486 706 372)
4(152 461 795 486)
4(314 648 733 399)
4(315 649 732 398)
4(198 263 597 532)
4(263 334 668 597)
4(199 262 596 533)
4(262 335 669 596)
4(256 433 767 590)
4(257 432 766 591)
4(415 266 600 749)
4(414 267 601 748)
4(196 530 718 384)
4(197 531 719 385)
4(197 274 608 531)
4(274 429 763 608)
4(196 275 609 530)
4(275 428 762 609)
4(344 262 596 678)
4(345 263 597 679)
4(196 398 732 530)
4(197 399 733 531)
4(395 342 676 729)
4(394 343 677 728)
4(365 433 767 699)
4(364 432 766 698)
4(199 395 729 533)
4(198 394 728 532)
4(19 126 626 292)
4(402 292 626 736)
4(19 402 736 126)
4(17 124 627 293)
4(403 293 627 737)
4(17 403 737 124)
4(335 37 81 669)
4(63 107 668 334)
4(179 513 756 422)
4(178 512 757 423)
4(22 118 660 326)
4(48 92 661 327)
4(162 290 624 496)
4(290 328 662 624)
4(162 496 662 328)
4(163 291 625 497)
4(291 329 663 625)
4(163 497 663 329)
4(320 654 504 170)
4(321 655 505 171)
4(268 602 794 460)
4(269 603 795 461)
4(178 512 586 252)
4(178 350 684 512)
4(179 513 587 253)
4(179 351 685 513)
4(66 429 763 110)
4(40 428 762 84)
4(162 496 770 436)
4(163 497 771 437)
4(311 645 689 355)
4(310 644 688 354)
4(57 356 690 101)
4(31 357 691 75)
4(309 451 785 643)
4(451 170 504 785)
4(308 450 784 642)
4(450 171 505 784)
4(412 282 616 746)
4(413 283 617 747)
4(218 418 752 552)
4(219 419 753 553)
4(436 290 624 770)
4(437 291 625 771)
4(350 277 611 684)
4(351 276 610 685)
4(138 472 624 290)
4(139 473 625 291)
4(22 118 786 452)
4(48 92 787 453)
4(187 431 765 521)
4(431 328 662 765)
4(186 430 764 520)
4(430 329 663 764)
4(60 393 727 104)
4(34 392 726 78)
4(273 448 782 607)
4(54 98 782 448)
4(272 449 783 606)
4(28 72 783 449)
4(17 348 682 124)
4(19 349 683 126)
4(410 338 672 744)
4(148 482 672 338)
4(411 339 673 745)
4(149 483 673 339)
4(293 348 682 627)
4(292 349 683 626)
4(416 280 614 750)
4(417 281 615 751)
4(32 76 695 361)
4(58 102 694 360)
4(186 520 689 355)
4(187 521 688 354)
4(178 512 639 305)
4(179 513 638 304)
4(242 576 728 394)
4(243 577 729 395)
4(53 448 782 97)
4(27 449 783 123)
4(252 372 706 586)
4(253 373 707 587)
4(395 439 773 729)
4(243 577 773 439)
4(394 438 772 728)
4(242 576 772 438)
4(354 431 765 688)
4(355 430 764 689)
4(5 448 782 10)
4(6 449 783 8)
4(220 554 744 410)
4(221 555 745 411)
4(282 616 529 195)
4(283 617 528 194)
4(321 655 687 353)
4(189 353 687 523)
4(321 189 523 655)
4(352 320 654 686)
4(188 352 686 522)
4(188 522 654 320)
4(268 393 727 602)
4(269 392 726 603)
4(334 345 679 668)
4(335 344 678 669)
4(71 409 743 115)
4(45 408 742 89)
4(206 292 626 540)
4(207 293 627 541)
4(47 91 787 453)
4(21 117 786 452)
4(314 385 719 648)
4(314 648 479 145)
4(315 384 718 649)
4(315 649 478 144)
4(52 446 780 96)
4(26 447 781 122)
4(420 366 700 754)
4(421 367 701 755)
4(375 386 720 709)
4(211 545 720 386)
4(374 387 721 708)
4(210 544 721 387)
4(388 304 638 722)
4(168 388 722 502)
4(305 639 723 389)
4(169 389 723 503)
4(199 439 773 533)
4(198 438 772 532)
4(195 459 793 529)
4(194 458 792 528)
4(426 368 702 760)
4(427 369 703 761)
4(197 531 648 314)
4(196 530 649 315)
4(179 513 722 388)
4(178 512 723 389)
4(189 421 755 523)
4(188 420 754 522)
4(276 388 722 610)
4(277 389 723 611)
4(380 372 706 714)
4(381 373 707 715)
4(438 442 776 772)
4(439 443 777 773)
4(149 415 749 483)
4(148 414 748 482)
4(386 720 791 457)
4(456 387 721 790)
4(378 411 745 712)
4(379 410 744 713)
4(221 555 712 378)
4(220 554 713 379)
4(143 477 760 426)
4(142 476 761 427)
4(145 405 739 479)
4(144 404 738 478)
4(404 316 650 738)
4(405 317 651 739)
4(321 450 784 655)
4(320 451 785 654)
4(414 338 672 748)
4(415 339 673 749)
4(389 350 684 723)
4(388 351 685 722)
4(280 440 774 614)
4(281 441 775 615)
4(458 356 690 792)
4(459 357 691 793)
4(319 653 780 446)
4(318 652 781 447)
4(408 377 711 742)
4(409 376 710 743)
4(363 456 790 697)
4(362 457 791 696)
4(378 452 786 712)
4(379 453 787 713)
4(419 454 788 753)
4(418 455 789 752)
4(461 392 726 795)
4(460 393 727 794)
4(444 427 761 778)
4(445 426 760 779)
4(211 457 791 545)
4(210 456 790 544)
4(400 461 795 734)
4(401 460 794 735)
4(228 562 795 461)
4(229 563 794 460)
4(416 440 774 750)
4(417 441 775 751)
3(56 336 236)
3(100 570 670)
3(30 337 237)
3(74 571 671)
3(239 146 296)
3(573 630 480)
3(241 147 297)
3(575 631 481)
3(161 235 250)
3(495 584 569)
3(160 234 251)
3(494 585 568)
3(172 251 234)
3(506 568 585)
3(173 250 235)
3(507 569 584)
3(152 212 264)
3(486 598 546)
3(153 213 265)
3(487 599 547)
3(29 337 30)
3(73 74 671)
3(55 336 56)
3(99 100 670)
3(182 277 286)
3(516 620 611)
3(183 276 287)
3(517 621 610)
3(143 332 295)
3(477 629 666)
3(142 333 294)
3(476 628 667)
3(201 323 317)
3(535 651 657)
3(316 200 322)
3(650 656 534)
3(233 366 387)
3(567 721 700)
3(232 367 386)
3(566 720 701)
3(192 384 322)
3(526 656 718)
3(193 385 323)
3(527 657 719)
3(146 224 248)
3(480 582 558)
3(147 225 249)
3(481 583 559)
3(135 287 276)
3(469 610 621)
3(134 286 277)
3(468 611 620)
3(160 244 230)
3(494 564 578)
3(161 245 231)
3(495 565 579)
3(156 222 238)
3(490 572 556)
3(157 223 240)
3(491 574 557)
3(143 255 332)
3(477 666 589)
3(142 254 333)
3(476 667 588)
3(136 251 266)
3(470 600 585)
3(137 250 267)
3(471 601 584)
3(166 231 245)
3(500 579 565)
3(167 230 244)
3(501 578 564)
3(240 223 340)
3(574 674 557)
3(222 341 238)
3(556 572 675)
3(190 302 255)
3(524 589 636)
3(191 303 254)
3(525 588 637)
3(158 400 228)
3(492 562 734)
3(159 401 229)
3(493 563 735)
3(180 259 427)
3(514 761 593)
3(181 258 426)
3(515 760 592)
3(158 454 400)
3(492 734 788)
3(159 455 401)
3(493 735 789)
3(317 323 145)
3(651 479 657)
3(316 322 144)
3(650 478 656)
3(158 228 361)
3(492 695 562)
3(159 229 360)
3(493 694 563)
3(189 367 232)
3(523 566 701)
3(188 366 233)
3(522 567 700)
3(259 436 427)
3(593 761 770)
3(258 437 426)
3(592 760 771)
3(182 239 296)
3(516 630 573)
3(183 241 297)
3(517 631 575)
3(2 403 240)
3(13 574 737)
3(3 402 238)
3(15 572 736)
3(38 199 347)
3(82 681 533)
3(198 346 64)
3(532 108 680)
3(18 341 300)
3(127 634 675)
3(16 340 301)
3(125 635 674)
3(198 64 334)
3(532 668 108)
3(38 335 199)
3(82 533 669)
3(240 241 157)
3(574 491 575)
3(156 238 239)
3(490 573 572)
3(190 433 302)
3(524 636 767)
3(191 432 303)
3(525 637 766)
3(192 270 384)
3(526 718 604)
3(193 271 385)
3(527 719 605)
3(164 278 217)
3(498 551 612)
3(165 279 216)
3(499 550 613)
3(172 326 221)
3(506 555 660)
3(173 327 220)
3(507 554 661)
3(172 266 251)
3(506 585 600)
3(173 267 250)
3(507 584 601)
3(304 345 62)
3(638 106 679)
3(305 344 36)
3(639 80 678)
3(191 208 364)
3(525 698 542)
3(190 209 365)
3(524 699 543)
3(212 400 454)
3(546 788 734)
3(213 401 455)
3(547 789 735)
3(244 420 352)
3(578 686 754)
3(245 421 353)
3(579 687 755)
3(218 455 260)
3(552 594 789)
3(219 454 261)
3(553 595 788)
3(134 252 284)
3(468 618 586)
3(135 253 285)
3(469 619 587)
3(152 400 212)
3(486 546 734)
3(153 401 213)
3(487 547 735)
3(203 278 256)
3(537 590 612)
3(202 279 257)
3(536 591 613)
3(128 217 278)
3(462 612 551)
3(129 216 279)
3(463 613 550)
3(291 365 209)
3(625 543 699)
3(290 364 208)
3(624 542 698)
3(139 329 280)
3(473 614 663)
3(138 328 281)
3(472 615 662)
3(320 407 140)
3(654 474 741)
3(321 406 141)
3(655 475 740)
3(140 407 261)
3(474 595 741)
3(141 406 260)
3(475 594 740)
3(244 160 420)
3(578 754 494)
3(245 161 421)
3(579 755 495)
3(27 318 272)
3(123 606 652)
3(273 53 319)
3(607 653 97)
3(174 284 252)
3(508 586 618)
3(175 285 253)
3(509 587 619)
3(202 434 279)
3(536 613 768)
3(203 435 278)
3(537 612 769)
3(201 317 374)
3(535 708 651)
3(316 375 200)
3(650 534 709)
3(182 324 277)
3(516 611 658)
3(183 325 276)
3(517 610 659)
3(265 418 434)
3(599 768 752)
3(264 419 435)
3(598 769 753)
3(159 260 455)
3(493 789 594)
3(158 261 454)
3(492 788 595)
3(186 280 329)
3(520 663 614)
3(187 281 328)
3(521 662 615)
3(190 368 209)
3(524 543 702)
3(191 369 208)
3(525 542 703)
3(164 330 302)
3(498 636 664)
3(165 331 303)
3(499 637 665)
3(3 238 341)
3(15 675 572)
3(2 240 340)
3(13 674 574)
3(246 148 410)
3(580 744 482)
3(247 149 411)
3(581 745 483)
3(142 224 444)
3(476 778 558)
3(143 225 445)
3(477 779 559)
3(49 235 50)
3(93 94 569)
3(23 234 24)
3(119 120 568)
3(43 246 44)
3(87 88 580)
3(69 247 70)
3(113 114 581)
3(159 360 283)
3(493 617 694)
3(158 361 282)
3(492 616 695)
3(164 217 330)
3(498 664 551)
3(165 216 331)
3(499 665 550)
3(160 230 312)
3(494 646 564)
3(161 231 313)
3(495 647 565)
3(247 411 204)
3(581 538 745)
3(246 410 205)
3(580 539 744)
3(26 318 27)
3(122 123 652)
3(52 319 53)
3(96 97 653)
3(54 273 336)
3(98 670 607)
3(28 272 337)
3(72 671 606)
3(182 286 239)
3(516 573 620)
3(183 287 241)
3(517 575 621)
3(155 443 214)
3(489 548 777)
3(154 442 215)
3(488 549 776)
3(147 249 297)
3(481 631 583)
3(248 296 146)
3(582 480 630)
3(54 336 55)
3(98 99 670)
3(28 337 29)
3(72 73 671)
3(300 341 222)
3(634 556 675)
3(301 340 223)
3(635 557 674)
3(173 235 327)
3(507 661 569)
3(172 234 326)
3(506 660 568)
3(240 382 241)
3(574 575 716)
3(239 238 383)
3(573 717 572)
3(173 220 338)
3(507 672 554)
3(172 221 339)
3(506 673 555)
3(130 303 227)
3(464 561 637)
3(131 302 226)
3(465 560 636)
3(128 299 217)
3(462 551 633)
3(129 298 216)
3(463 550 632)
3(240 403 207)
3(574 541 737)
3(206 238 402)
3(540 736 572)
3(1 300 258)
3(12 592 634)
3(0 301 259)
3(14 593 635)
3(161 313 235)
3(495 569 647)
3(160 312 234)
3(494 568 646)
3(130 227 358)
3(464 692 561)
3(131 226 359)
3(465 693 560)
3(136 387 366)
3(470 700 721)
3(137 386 367)
3(471 701 720)
3(184 227 362)
3(518 696 561)
3(185 226 363)
3(519 697 560)
3(180 444 292)
3(514 626 778)
3(181 445 293)
3(515 627 779)
3(144 322 384)
3(478 718 656)
3(323 385 145)
3(657 479 719)
3(308 457 151)
3(642 485 791)
3(309 456 150)
3(643 484 790)
3(169 277 324)
3(503 658 611)
3(168 276 325)
3(502 659 610)
3(62 345 63)
3(106 107 679)
3(36 344 37)
3(80 81 678)
3(168 345 304)
3(502 638 679)
3(305 169 344)
3(639 678 503)
3(184 358 227)
3(518 561 692)
3(185 359 226)
3(519 560 693)
3(154 346 438)
3(488 772 680)
3(155 347 439)
3(489 773 681)
3(151 362 227)
3(485 561 696)
3(150 363 226)
3(484 560 697)
3(268 422 60)
3(602 104 756)
3(34 269 423)
3(78 757 603)
3(49 327 235)
3(93 569 661)
3(23 326 234)
3(119 568 660)
3(248 224 294)
3(582 628 558)
3(225 295 249)
3(559 583 629)
3(152 264 380)
3(486 714 598)
3(153 265 381)
3(487 715 599)
3(292 444 370)
3(626 704 778)
3(293 445 371)
3(627 705 779)
3(147 371 225)
3(481 559 705)
3(146 370 224)
3(480 558 704)
3(247 397 149)
3(581 483 731)
3(246 396 148)
3(580 482 730)
3(265 213 418)
3(599 752 547)
3(264 212 419)
3(598 753 546)
3(214 358 404)
3(548 738 692)
3(215 359 405)
3(549 739 693)
3(193 397 247)
3(527 581 731)
3(192 396 246)
3(526 580 730)
3(302 330 226)
3(636 560 664)
3(303 331 227)
3(637 561 665)
3(236 425 194)
3(570 528 759)
3(237 424 195)
3(571 529 758)
3(154 215 399)
3(488 733 549)
3(155 214 398)
3(489 732 548)
3(129 279 434)
3(463 768 613)
3(128 278 435)
3(462 769 612)
3(242 343 176)
3(576 510 677)
3(243 342 177)
3(577 511 676)
3(192 246 391)
3(526 725 580)
3(193 247 390)
3(527 724 581)
3(1 18 300)
3(12 634 127)
3(0 16 301)
3(14 635 125)
3(316 211 375)
3(650 709 545)
3(317 210 374)
3(651 708 544)
3(166 319 231)
3(500 565 653)
3(167 318 230)
3(501 564 652)
3(166 307 236)
3(500 570 641)
3(167 306 237)
3(501 571 640)
3(187 285 281)
3(521 615 619)
3(186 284 280)
3(520 614 618)
3(239 286 156)
3(573 490 620)
3(241 287 157)
3(575 491 621)
3(308 232 457)
3(642 791 566)
3(309 233 456)
3(643 790 567)
3(154 274 346)
3(488 680 608)
3(155 275 347)
3(489 681 609)
3(133 297 249)
3(467 583 631)
3(132 296 248)
3(466 582 630)
3(1 258 348)
3(12 682 592)
3(0 259 349)
3(14 683 593)
3(131 359 289)
3(465 623 693)
3(288 130 358)
3(622 692 464)
3(142 369 254)
3(476 588 703)
3(143 368 255)
3(477 589 702)
3(139 256 365)
3(473 699 590)
3(138 257 364)
3(472 698 591)
3(288 214 443)
3(622 777 548)
3(289 215 442)
3(623 776 549)
3(139 416 256)
3(473 590 750)
3(138 417 257)
3(472 591 751)
3(142 294 224)
3(476 558 628)
3(143 295 225)
3(477 559 629)
3(244 140 306)
3(578 640 474)
3(245 141 307)
3(579 641 475)
3(246 43 391)
3(580 725 87)
3(247 69 390)
3(581 724 113)
3(184 404 358)
3(518 692 738)
3(185 405 359)
3(519 693 739)
3(242 176 442)
3(576 776 510)
3(243 177 443)
3(577 777 511)
3(247 204 409)
3(581 743 538)
3(246 205 408)
3(580 742 539)
3(245 307 166)
3(579 500 641)
3(244 306 167)
3(578 501 640)
3(326 452 221)
3(660 555 786)
3(327 453 220)
3(661 554 787)
3(151 331 216)
3(485 550 665)
3(150 330 217)
3(484 551 664)
3(136 266 374)
3(470 708 600)
3(137 267 375)
3(471 709 601)
3(244 352 140)
3(578 474 686)
3(245 353 141)
3(579 475 687)
3(151 216 308)
3(485 642 550)
3(150 217 309)
3(484 643 551)
3(60 422 61)
3(104 105 756)
3(34 423 35)
3(78 79 757)
3(305 35 423)
3(639 757 79)
3(304 61 422)
3(638 756 105)
3(35 305 36)
3(79 80 639)
3(61 304 62)
3(105 106 638)
3(151 227 331)
3(485 665 561)
3(150 226 330)
3(484 664 560)
3(236 194 356)
3(570 690 528)
3(237 195 357)
3(571 691 529)
3(191 254 369)
3(525 703 588)
3(190 255 368)
3(524 702 589)
3(67 271 68)
3(111 112 605)
3(41 270 42)
3(85 86 604)
3(201 374 266)
3(535 600 708)
3(200 375 267)
3(534 601 709)
3(166 236 336)
3(500 670 570)
3(167 237 337)
3(501 671 571)
3(164 256 278)
3(498 612 590)
3(165 257 279)
3(499 613 591)
3(247 409 70)
3(581 114 743)
3(246 408 44)
3(580 88 742)
3(39 275 40)
3(83 84 609)
3(65 274 66)
3(109 110 608)
3(202 441 265)
3(536 599 775)
3(203 440 264)
3(537 598 774)
3(206 370 146)
3(540 480 704)
3(207 371 147)
3(541 481 705)
3(206 146 383)
3(540 717 480)
3(207 147 382)
3(541 716 481)
3(24 234 312)
3(120 646 568)
3(50 235 313)
3(94 647 569)
3(20 376 378)
3(116 712 710)
3(46 377 379)
3(90 713 711)
3(208 427 436)
3(542 770 761)
3(209 426 437)
3(543 771 760)
3(38 347 39)
3(82 83 681)
3(64 346 65)
3(108 109 680)
3(136 366 251)
3(470 585 700)
3(137 367 250)
3(471 584 701)
3(261 412 195)
3(595 529 746)
3(194 260 413)
3(528 747 594)
3(56 236 356)
3(100 690 570)
3(30 237 357)
3(74 691 571)
3(162 259 301)
3(496 635 593)
3(163 258 300)
3(497 634 592)
3(133 263 325)
3(467 659 597)
3(132 262 324)
3(466 658 596)
3(289 359 215)
3(623 549 693)
3(288 358 214)
3(622 548 692)
3(183 297 325)
3(517 659 631)
3(182 296 324)
3(516 658 630)
3(261 195 424)
3(595 758 529)
3(194 425 260)
3(528 594 759)
3(33 228 392)
3(77 726 562)
3(229 393 59)
3(563 103 727)
3(175 265 441)
3(509 775 599)
3(174 264 440)
3(508 774 598)
3(298 218 406)
3(632 740 552)
3(299 219 407)
3(633 741 553)
3(298 406 171)
3(632 505 740)
3(299 407 170)
3(633 504 741)
3(33 361 228)
3(77 562 695)
3(229 59 360)
3(563 694 103)
3(32 459 282)
3(76 616 793)
3(283 58 458)
3(617 792 102)
3(193 390 271)
3(527 605 724)
3(192 391 270)
3(526 604 725)
3(189 232 450)
3(523 784 566)
3(188 233 451)
3(522 785 567)
3(162 301 431)
3(496 765 635)
3(163 300 430)
3(497 764 634)
3(180 349 259)
3(514 593 683)
3(181 348 258)
3(515 592 682)
3(130 254 303)
3(464 637 588)
3(131 255 302)
3(465 636 589)
3(313 231 446)
3(647 780 565)
3(312 230 447)
3(646 781 564)
3(289 442 176)
3(623 510 776)
3(288 443 177)
3(622 511 777)
3(174 380 264)
3(508 598 714)
3(175 381 265)
3(509 599 715)
3(299 309 217)
3(633 551 643)
3(298 308 216)
3(632 550 642)
3(68 271 390)
3(112 724 605)
3(42 270 391)
3(86 725 604)
3(169 324 262)
3(503 596 658)
3(168 325 263)
3(502 597 659)
3(51 313 446)
3(95 780 647)
3(25 312 447)
3(121 781 646)
3(203 264 435)
3(537 769 598)
3(202 265 434)
3(536 768 599)
3(32 31 459)
3(76 793 75)
3(57 458 58)
3(101 102 792)
3(241 382 147)
3(575 481 716)
3(239 383 146)
3(573 480 717)
3(218 260 406)
3(552 740 594)
3(219 261 407)
3(553 741 595)
3(203 256 416)
3(537 750 590)
3(202 257 417)
3(536 751 591)
3(132 395 262)
3(466 596 729)
3(133 394 263)
3(467 597 728)
3(156 355 222)
3(490 556 689)
3(157 354 223)
3(491 557 688)
3(196 270 428)
3(530 762 604)
3(197 271 429)
3(531 763 605)
3(133 325 297)
3(467 631 659)
3(132 324 296)
3(466 630 658)
3(301 223 431)
3(635 765 557)
3(300 222 430)
3(634 764 556)
3(161 250 421)
3(495 755 584)
3(160 251 420)
3(494 754 585)
3(134 350 252)
3(468 586 684)
3(135 351 253)
3(469 587 685)
3(174 280 284)
3(508 618 614)
3(175 281 285)
3(509 619 615)
3(20 378 21)
3(116 117 712)
3(46 379 47)
3(90 91 713)
3(184 362 316)
3(518 650 696)
3(185 363 317)
3(519 651 697)
3(248 294 177)
3(582 511 628)
3(176 249 295)
3(510 629 583)
3(200 414 396)
3(534 730 748)
3(201 415 397)
3(535 731 749)
3(140 261 424)
3(474 758 595)
3(141 260 425)
3(475 759 594)
3(288 333 130)
3(622 464 667)
3(131 289 332)
3(465 666 623)
3(200 396 322)
3(534 656 730)
3(201 397 323)
3(535 657 731)
3(174 252 380)
3(508 714 586)
3(175 253 381)
3(509 715 587)
3(299 170 309)
3(633 643 504)
3(298 171 308)
3(632 642 505)
3(286 311 156)
3(620 490 645)
3(287 310 157)
3(621 491 644)
3(166 273 319)
3(500 653 607)
3(167 272 318)
3(501 652 606)
3(133 249 343)
3(467 677 583)
3(132 248 342)
3(466 676 582)
3(41 428 270)
3(85 604 762)
3(67 429 271)
3(111 605 763)
3(24 312 25)
3(120 121 646)
3(50 313 51)
3(94 95 647)
3(316 362 211)
3(650 545 696)
3(317 363 210)
3(651 544 697)
3(20 4 376)
3(116 710 11)
3(46 7 377)
3(90 711 9)
3(4 71 376)
3(11 710 115)
3(45 377 7)
3(89 9 711)
3(166 336 273)
3(500 607 670)
3(167 337 272)
3(501 606 671)
3(288 177 333)
3(622 667 511)
3(289 176 332)
3(623 666 510)
3(187 310 285)
3(521 619 644)
3(186 311 284)
3(520 618 645)
3(39 347 275)
3(83 609 681)
3(274 65 346)
3(608 680 109)
3(206 383 238)
3(540 572 717)
3(240 207 382)
3(574 716 541)
3(204 378 376)
3(538 710 712)
3(205 379 377)
3(539 711 713)
3(129 418 298)
3(463 632 752)
3(128 419 299)
3(462 633 753)
3(164 302 433)
3(498 767 636)
3(165 303 432)
3(499 766 637)
3(173 338 267)
3(507 601 672)
3(172 339 266)
3(506 600 673)
3(179 268 373)
3(513 707 602)
3(178 269 372)
3(512 706 603)
3(314 215 405)
3(648 739 549)
3(315 214 404)
3(649 738 548)
3(307 425 236)
3(641 570 759)
3(306 424 237)
3(640 571 758)
3(134 284 311)
3(468 645 618)
3(285 310 135)
3(619 469 644)
3(155 398 275)
3(489 609 732)
3(154 399 274)
3(488 608 733)
3(134 311 286)
3(468 620 645)
3(287 135 310)
3(621 644 469)
3(129 434 418)
3(463 752 768)
3(128 435 419)
3(462 753 769)
3(159 413 260)
3(493 594 747)
3(158 412 261)
3(492 595 746)
3(153 373 460)
3(487 794 707)
3(152 372 461)
3(486 795 706)
3(314 399 215)
3(648 549 733)
3(315 398 214)
3(649 548 732)
3(198 334 263)
3(532 597 668)
3(199 335 262)
3(533 596 669)
3(164 433 256)
3(498 590 767)
3(165 432 257)
3(499 591 766)
3(131 332 255)
3(465 589 666)
3(130 333 254)
3(464 588 667)
3(201 266 415)
3(535 749 600)
3(200 267 414)
3(534 748 601)
3(196 384 270)
3(530 604 718)
3(197 385 271)
3(531 605 719)
3(197 429 274)
3(531 608 763)
3(196 428 275)
3(530 609 762)
3(169 262 344)
3(503 678 596)
3(168 263 345)
3(502 679 597)
3(196 275 398)
3(530 732 609)
3(197 274 399)
3(531 733 608)
3(132 342 395)
3(466 729 676)
3(133 343 394)
3(467 728 677)
3(256 433 365)
3(590 699 767)
3(257 432 364)
3(591 698 766)
3(199 262 395)
3(533 729 596)
3(198 263 394)
3(532 728 597)
3(19 292 402)
3(126 736 626)
3(17 293 403)
3(124 737 627)
3(38 37 335)
3(82 669 81)
3(63 334 64)
3(107 108 668)
3(179 422 268)
3(513 602 756)
3(178 423 269)
3(512 603 757)
3(22 326 23)
3(118 119 660)
3(48 327 49)
3(92 93 661)
3(162 328 290)
3(496 624 662)
3(163 329 291)
3(497 625 663)
3(320 170 407)
3(654 741 504)
3(321 171 406)
3(655 740 505)
3(268 460 373)
3(602 707 794)
3(269 461 372)
3(603 706 795)
3(178 252 350)
3(512 684 586)
3(179 253 351)
3(513 685 587)
3(274 429 66)
3(608 110 763)
3(40 275 428)
3(84 762 609)
3(162 436 259)
3(496 593 770)
3(163 437 258)
3(497 592 771)
3(311 355 156)
3(645 490 689)
3(310 354 157)
3(644 491 688)
3(56 356 57)
3(100 101 690)
3(30 357 31)
3(74 75 691)
3(309 170 451)
3(643 785 504)
3(308 171 450)
3(642 784 505)
3(158 282 412)
3(492 746 616)
3(159 283 413)
3(493 747 617)
3(298 418 218)
3(632 552 752)
3(299 419 219)
3(633 553 753)
3(162 290 436)
3(496 770 624)
3(163 291 437)
3(497 771 625)
3(134 277 350)
3(468 684 611)
3(135 276 351)
3(469 685 610)
3(138 290 328)
3(472 662 624)
3(139 291 329)
3(473 663 625)
3(22 452 326)
3(118 660 786)
3(48 453 327)
3(92 661 787)
3(248 177 342)
3(582 676 511)
3(176 343 249)
3(510 583 677)
3(18 3 341)
3(127 675 15)
3(2 340 16)
3(13 125 674)
3(309 451 233)
3(643 567 785)
3(308 450 232)
3(642 566 784)
3(187 328 431)
3(521 765 662)
3(186 329 430)
3(520 764 663)
3(60 59 393)
3(104 727 103)
3(33 392 34)
3(77 78 726)
3(54 448 273)
3(98 607 782)
3(28 449 272)
3(72 606 783)
3(1 348 17)
3(12 124 682)
3(0 349 19)
3(14 126 683)
3(148 338 410)
3(482 744 672)
3(149 339 411)
3(483 745 673)
3(17 348 293)
3(124 627 682)
3(19 349 292)
3(126 626 683)
3(139 280 416)
3(473 750 614)
3(138 281 417)
3(472 751 615)
3(32 361 33)
3(76 77 695)
3(58 360 59)
3(102 103 694)
3(186 355 311)
3(520 645 689)
3(187 354 310)
3(521 644 688)
3(178 305 423)
3(512 757 639)
3(179 304 422)
3(513 756 638)
3(224 370 444)
3(558 778 704)
3(225 371 445)
3(559 779 705)
3(242 394 343)
3(576 677 728)
3(243 395 342)
3(577 676 729)
3(273 448 53)
3(607 97 782)
3(27 272 449)
3(123 783 606)
3(190 365 433)
3(524 767 699)
3(191 364 432)
3(525 766 698)
3(178 372 252)
3(512 586 706)
3(179 373 253)
3(513 587 707)
3(243 439 395)
3(577 729 773)
3(242 438 394)
3(576 728 772)
3(187 431 354)
3(521 688 765)
3(186 430 355)
3(520 689 764)
3(5 53 448)
3(10 782 97)
3(27 449 6)
3(123 8 783)
3(220 410 338)
3(554 672 744)
3(221 411 339)
3(555 673 745)
3(282 195 412)
3(616 746 529)
3(283 194 413)
3(617 747 528)
3(321 353 189)
3(655 523 687)
3(188 320 352)
3(522 686 654)
3(32 282 361)
3(76 695 616)
3(283 360 58)
3(617 102 694)
3(320 140 352)
3(654 686 474)
3(321 141 353)
3(655 687 475)
3(68 390 69)
3(112 113 724)
3(42 391 43)
3(86 87 725)
3(268 60 393)
3(602 727 104)
3(34 392 269)
3(78 603 726)
3(63 345 334)
3(107 668 679)
3(37 344 335)
3(81 669 678)
3(291 209 437)
3(625 771 543)
3(290 208 436)
3(624 770 542)
3(71 70 409)
3(115 743 114)
3(44 408 45)
3(88 89 742)
3(206 402 292)
3(540 626 736)
3(207 403 293)
3(541 627 737)
3(67 66 429)
3(111 763 110)
3(41 40 428)
3(85 762 84)
3(2 17 403)
3(13 737 124)
3(19 402 3)
3(126 15 736)
3(47 453 48)
3(91 92 787)
3(21 452 22)
3(117 118 786)
3(314 145 385)
3(648 719 479)
3(315 144 384)
3(649 718 478)
3(180 292 349)
3(514 683 626)
3(181 293 348)
3(515 682 627)
3(51 446 52)
3(95 96 780)
3(26 25 447)
3(122 781 121)
3(251 366 420)
3(585 754 700)
3(250 367 421)
3(584 755 701)
3(211 386 375)
3(545 709 720)
3(210 387 374)
3(544 708 721)
3(168 304 388)
3(502 722 638)
3(305 389 169)
3(639 503 723)
3(199 395 439)
3(533 773 729)
3(198 394 438)
3(532 772 728)
3(282 459 195)
3(616 529 793)
3(283 458 194)
3(617 528 792)
3(209 368 426)
3(543 760 702)
3(208 369 427)
3(542 761 703)
3(139 365 291)
3(473 625 699)
3(138 364 290)
3(472 624 698)
3(294 333 177)
3(628 511 667)
3(295 332 176)
3(629 510 666)
3(197 314 385)
3(531 719 648)
3(196 315 384)
3(530 718 649)
3(179 388 304)
3(513 638 722)
3(178 389 305)
3(512 639 723)
3(28 6 449)
3(72 783 8)
3(54 5 448)
3(98 782 10)
3(137 375 386)
3(471 720 709)
3(136 374 387)
3(470 721 708)
3(189 353 421)
3(523 755 687)
3(188 352 420)
3(522 754 686)
3(262 335 344)
3(596 678 669)
3(263 334 345)
3(597 679 668)
3(206 292 370)
3(540 704 626)
3(207 293 371)
3(541 705 627)
3(168 388 276)
3(502 610 722)
3(169 389 277)
3(503 611 723)
3(252 372 380)
3(586 714 706)
3(253 373 381)
3(587 715 707)
3(242 442 438)
3(576 772 776)
3(243 443 439)
3(577 773 777)
3(328 162 431)
3(662 765 496)
3(329 163 430)
3(663 764 497)
3(149 397 415)
3(483 749 731)
3(148 396 414)
3(482 748 730)
3(140 424 306)
3(474 640 758)
3(141 425 307)
3(475 641 759)
3(386 457 232)
3(720 566 791)
3(233 387 456)
3(567 790 721)
3(204 411 378)
3(538 712 745)
3(205 410 379)
3(539 713 744)
3(221 378 411)
3(555 745 712)
3(220 379 410)
3(554 744 713)
3(143 426 368)
3(477 702 760)
3(142 427 369)
3(476 703 761)
3(314 405 145)
3(648 479 739)
3(315 404 144)
3(649 478 738)
3(184 316 404)
3(518 738 650)
3(185 317 405)
3(519 739 651)
3(321 189 450)
3(655 784 523)
3(188 451 320)
3(522 654 785)
3(267 338 414)
3(601 748 672)
3(266 339 415)
3(600 749 673)
3(197 399 314)
3(531 648 733)
3(196 398 315)
3(530 649 732)
3(198 438 346)
3(532 680 772)
3(199 439 347)
3(533 681 773)
3(148 414 338)
3(482 672 748)
3(149 415 339)
3(483 673 749)
3(152 380 372)
3(486 706 714)
3(153 381 373)
3(487 707 715)
3(154 438 442)
3(488 776 772)
3(155 439 443)
3(489 777 773)
3(192 322 396)
3(526 730 656)
3(193 323 397)
3(527 731 657)
3(320 451 170)
3(654 504 785)
3(321 450 171)
3(655 505 784)
3(178 350 389)
3(512 723 684)
3(179 351 388)
3(513 722 685)
3(174 440 280)
3(508 614 774)
3(175 441 281)
3(509 615 775)
3(316 144 404)
3(650 738 478)
3(317 145 405)
3(651 739 479)
3(276 388 351)
3(610 685 722)
3(277 389 350)
3(611 684 723)
3(57 356 458)
3(101 792 690)
3(31 357 459)
3(75 793 691)
3(319 446 231)
3(653 565 780)
3(318 447 230)
3(652 564 781)
3(26 447 318)
3(122 652 781)
3(319 52 446)
3(653 780 96)
3(222 355 430)
3(556 764 689)
3(223 354 431)
3(557 765 688)
3(189 421 367)
3(523 701 755)
3(188 420 366)
3(522 700 754)
3(205 377 408)
3(539 742 711)
3(204 376 409)
3(538 743 710)
3(71 409 376)
3(115 710 743)
3(45 408 377)
3(89 711 742)
3(150 456 363)
3(484 697 790)
3(151 457 362)
3(485 696 791)
3(221 452 378)
3(555 712 786)
3(220 453 379)
3(554 713 787)
3(194 458 356)
3(528 690 792)
3(195 459 357)
3(529 691 793)
3(212 454 419)
3(546 753 788)
3(213 455 418)
3(547 752 789)
3(269 392 461)
3(603 795 726)
3(268 393 460)
3(602 794 727)
3(21 378 452)
3(117 786 712)
3(47 379 453)
3(91 787 713)
3(180 427 444)
3(514 778 761)
3(181 426 445)
3(515 779 760)
3(211 362 457)
3(545 791 696)
3(210 363 456)
3(544 790 697)
3(142 444 427)
3(476 761 778)
3(143 445 426)
3(477 760 779)
3(152 461 400)
3(486 734 795)
3(153 460 401)
3(487 735 794)
3(386 211 457)
3(720 791 545)
3(387 210 456)
3(721 790 544)
3(219 419 454)
3(553 788 753)
3(218 418 455)
3(552 789 752)
3(228 461 392)
3(562 726 795)
3(229 460 393)
3(563 727 794)
3(229 401 460)
3(563 794 735)
3(228 400 461)
3(562 795 734)
3(280 440 416)
3(614 750 774)
3(281 441 417)
3(615 751 775)
3(203 416 440)
3(537 774 750)
3(202 417 441)
3(536 775 751)
4(29 30 74 73)
4(43 44 88 87)
4(28 29 73 72)
4(36 37 81 80)
4(34 35 79 78)
4(35 36 80 79)
4(41 42 86 85)
4(39 40 84 83)
4(38 39 83 82)
4(32 76 75 31)
4(45 7 9 89)
4(38 82 81 37)
4(30 31 75 74)
4(33 34 78 77)
4(32 33 77 76)
4(42 43 87 86)
4(44 45 89 88)
4(41 85 84 40)
4(28 72 8 6)
4(49 50 94 93)
4(52 53 97 96)
4(46 47 91 90)
4(50 51 95 94)
4(46 90 9 7)
4(48 49 93 92)
4(5 10 97 53)
4(47 48 92 91)
4(51 52 96 95)
4(55 56 100 99)
4(69 70 114 113)
4(54 55 99 98)
4(62 63 107 106)
4(60 61 105 104)
4(61 62 106 105)
4(67 68 112 111)
4(65 66 110 109)
4(64 65 109 108)
4(57 58 102 101)
4(4 11 115 71)
4(63 64 108 107)
4(56 57 101 100)
4(60 104 103 59)
4(58 59 103 102)
4(68 69 113 112)
4(71 115 114 70)
4(67 111 110 66)
4(54 98 10 5)
4(23 24 120 119)
4(26 27 123 122)
4(20 21 117 116)
4(24 25 121 120)
4(20 116 11 4)
4(22 23 119 118)
4(27 6 8 123)
4(21 22 118 117)
4(26 122 121 25)
4(1 12 127 18)
4(0 14 125 16)
4(18 127 15 3)
4(2 16 125 13)
4(1 17 124 12)
4(0 19 126 14)
4(2 13 124 17)
4(19 3 15 126)
)


// ************************************************************************* //
