/*--------------------------------*- C++ -*----------------------------------*\
| =========                 |                                                 |
| \\      /  F ield         | OpenFOAM: The Open Source CFD Toolbox           |
|  \\    /   O peration     | Version:  2.2.0                                 |
|   \\  /    A nd           | Web:      www.OpenFOAM.org                      |
|    \\/     M anipulation  |                                                 |
\*---------------------------------------------------------------------------*/
FoamFile
{
    version     2.0;
    format      ascii;
    class       labelList;
    note        "nPoints:3276  nCells:3185  nFaces:11193  nInternalFaces:4732";
    location    "constant/polyMesh";
    object      neighbour;
}
// * * * * * * * * * * * * * * * * * * * * * * * * * * * * * * * * * * * * * //


4732
(
221
223
1970
222
224
1971
140
384
436
141
385
437
11
96
214
12
97
215
19
38
22
61
289
63
300
778
291
297
2506
292
298
2505
15
16
27
174
314
85
153
419
17
186
18
187
111
138
112
139
133
729
276
286
2666
277
287
2665
69
821
41
70
198
25
128
505
33
438
33
751
1103
91
468
45
137
438
123
948
1254
122
947
1255
240
410
550
241
411
551
654
104
117
402
105
118
403
37
101
126
666
1170
74
761
99
214
1260
100
215
1261
185
1009
46
534
625
47
535
631
55
62
1244
102
1265
66
67
96
140
391
97
141
392
98
581
666
149
340
386
150
341
387
59
136
266
185
377
716
216
555
234
334
450
235
335
451
83
106
441
225
1012
127
446
852
760
1205
790
1201
68
198
68
70
348
75
78
1244
187
251
186
250
302
404
429
647
293
469
493
294
470
494
225
378
770
172
1004
227
1276
188
444
629
189
445
630
156
216
81
129
399
82
130
400
223
370
224
371
89
220
272
333
555
86
347
87
1139
447
654
89
484
1084
227
290
473
598
119
290
303
370
479
304
371
480
240
343
466
241
344
467
265
558
138
822
139
823
131
458
132
461
128
549
626
191
883
190
884
244
468
192
422
3180
211
423
3181
120
600
1017
121
601
1018
250
259
251
260
295
692
1124
296
693
1125
315
395
745
316
396
746
253
1149
254
1148
156
441
569
940
570
941
539
744
540
743
144
938
1120
145
939
1121
342
366
266
299
751
350
934
351
935
665
791
667
797
419
1266
142
711
903
143
712
904
207
784
357
369
1185
1186
527
539
528
540
844
1225
845
1226
338
536
911
339
537
912
179
516
574
315
327
316
328
389
707
899
390
708
900
284
809
247
269
1053
176
760
1200
682
205
432
1137
206
433
1138
242
680
953
243
681
954
366
381
369
388
511
517
2385
512
518
2823
407
569
1144
408
570
1145
395
495
1017
396
496
1018
319
691
1171
259
267
575
260
268
576
401
210
269
1071
372
490
264
272
983
1202
572
585
1680
573
586
1679
524
1262
442
448
541
443
449
542
591
596
2242
592
597
2243
358
522
549
970
532
816
533
817
532
1091
533
1092
261
717
610
620
1410
611
621
1409
250
267
1143
251
268
1142
376
516
647
1016
208
726
1236
209
727
1237
627
634
2433
628
635
2434
466
565
579
467
566
580
632
1153
633
1154
299
724
476
703
477
704
359
670
278
749
340
604
1069
341
605
1070
673
674
1270
226
312
1003
424
658
425
659
588
1095
379
676
380
677
525
526
976
404
1205
441
248
561
643
249
562
644
238
648
1250
239
649
1251
474
556
1299
475
557
1300
402
645
403
646
273
379
572
274
380
573
911
1257
912
1258
816
817
530
899
531
900
347
485
616
618
1827
617
619
2901
289
1023
506
583
507
584
373
478
783
905
1014
906
1015
289
359
690
420
454
655
421
455
656
284
321
1013
957
958
375
709
1045
1122
710
1046
1123
523
882
288
804
1038
1061
1062
1292
279
307
596
280
308
597
790
305
479
306
480
285
348
523
471
701
472
702
412
336
610
337
611
401
481
826
600
622
1323
601
623
1324
447
574
983
426
577
427
578
862
1056
372
589
1280
590
1281
705
1254
706
1255
353
1024
354
1025
594
1288
595
1289
552
1216
1310
1188
1312
523
1044
350
565
351
566
959
1039
960
1040
323
1177
324
1178
364
471
634
365
472
635
691
1208
731
322
820
1160
593
1229
417
418
504
769
892
508
779
893
772
1073
329
355
381
741
359
1176
959
1047
960
1048
474
553
475
554
509
885
510
886
388
428
439
716
1159
454
814
1051
455
815
1052
538
876
680
1014
681
1015
360
726
361
727
655
1230
656
1231
1305
1306
355
581
629
1118
630
1119
362
812
860
363
813
861
1095
516
491
757
579
580
492
759
382
1301
383
1302
942
497
770
1163
428
505
811
1056
1021
1067
1022
1068
466
822
467
823
367
1189
368
1190
458
1021
1078
1022
1079
461
379
380
859
1030
529
784
859
546
1188
439
661
707
1240
708
1241
762
736
953
737
954
407
1110
408
1111
393
738
394
739
762
504
834
508
835
407
673
408
674
426
604
427
605
583
584
550
824
1217
551
825
1218
413
857
414
858
1033
1034
740
430
1222
1595
431
1223
1596
587
660
1184
579
968
580
969
640
1208
696
827
697
828
476
684
1290
477
685
1291
614
738
615
739
485
668
943
669
944
612
981
613
982
920
921
500
501
742
499
558
1057
1058
1274
1275
855
897
2160
856
898
2159
873
1211
872
1212
721
688
522
963
1117
703
1277
704
1278
575
1091
576
1092
1269
1295
750
860
979
861
980
563
864
564
865
814
920
966
815
921
967
1089
1090
901
925
1843
902
926
1842
807
846
2480
808
847
2930
792
850
2830
793
851
2921
932
936
1978
933
937
1977
796
853
1217
854
1218
500
501
639
724
798
799
1101
1102
534
891
541
542
535
896
848
874
2445
849
875
2446
543
1072
796
748
1028
1149
747
1029
1148
827
880
1423
828
881
1422
529
689
722
787
725
789
743
1108
744
1109
802
805
803
806
529
730
582
891
1182
683
740
1063
1064
553
658
554
659
1240
742
608
745
609
746
1241
918
1305
919
1306
539
641
540
642
599
896
1187
606
643
971
607
644
972
718
903
719
904
671
930
1313
672
931
1314
657
946
1307
543
771
1307
857
2439
858
2440
883
977
884
978
707
970
708
976
650
651
1074
1089
1075
1090
587
1073
1206
1207
1283
636
658
966
637
659
967
1216
1259
645
711
832
646
712
833
1283
853
854
639
1180
636
637
1175
1057
1058
1081
973
987
2427
974
988
2426
668
909
669
910
753
1115
754
1116
860
861
951
993
2305
952
994
2304
805
806
675
773
778
676
677
829
747
748
927
1640
928
1641
1080
688
783
800
801
686
1039
687
1040
772
1072
1103
1010
2269
1011
2268
686
1047
687
1048
664
761
1026
2601
1027
2600
694
695
682
863
730
826
614
615
844
930
1059
845
931
1060
927
928
909
991
910
992
1133
1320
1134
1321
694
695
887
3183
888
3184
1017
1018
765
999
766
1000
767
1001
768
1002
698
1067
699
1068
684
1267
685
1268
626
742
942
1142
1169
811
698
1078
699
1079
957
958
1143
1174
873
1211
872
1212
701
702
714
715
713
788
852
863
1269
1282
947
2532
948
2270
1146
1147
755
756
716
894
1230
895
1231
997
1108
998
1109
792
832
903
793
833
904
723
1191
1192
975
1183
1175
1315
752
771
673
1099
1220
674
1100
1221
689
1004
1293
683
1294
949
950
700
1279
1074
1122
1075
1123
1016
1019
2923
2922
774
951
971
775
952
972
864
865
1317
1219
940
941
2870
2871
752
869
821
1160
1312
794
867
795
868
2179
2178
934
1150
935
1151
2255
2254
1176
1224
2527
2526
889
890
985
1041
986
1042
814
966
815
967
1033
1034
1020
1038
1045
1059
1046
1060
773
1259
792
2792
793
2134
731
740
866
723
1238
810
866
750
859
818
879
1177
1178
741
750
879
809
869
787
827
857
2605
828
858
2604
867
887
999
868
888
1000
864
1024
865
1025
1323
1324
789
978
977
885
886
1061
1062
788
1282
929
995
755
1076
756
1077
1104
1105
922
1155
829
1071
1262
923
1156
1023
1266
927
1069
2079
928
1070
2080
887
1561
888
2623
807
1336
808
2182
1169
1182
784
946
1264
989
901
1096
902
1097
899
905
1014
900
906
1015
1259
1174
1187
920
1274
921
1275
863
1181
1315
1112
901
951
2925
902
952
2924
990
1098
810
1155
989
1019
990
1020
1229
818
1156
938
1059
939
1060
802
949
803
950
1106
1107
924
1081
1110
1111
838
839
1013
1170
862
979
1260
980
1261
997
998
1265
1030
1316
963
1322
1081
1118
1119
830
1054
831
1055
915
1168
968
1150
969
1151
1104
1105
843
1028
842
1029
1041
1049
1486
1042
1050
1487
916
1001
917
1002
1024
1115
1127
1025
1116
1128
893
1061
892
1062
1234
1235
1065
1131
1066
1132
877
985
878
986
1065
1135
1066
1136
1282
997
998
1087
1120
1088
1121
1080
1219
981
982
915
922
1293
923
1294
1082
1157
1083
1158
882
1086
1041
2170
1042
2171
1238
1082
1161
1083
1162
1044
1033
1034
1320
1321
1007
1093
1008
1094
1169
1142
1143
991
1297
992
1298
1174
1005
1225
1006
1226
1028
1029
948
1049
2704
947
1050
2705
1191
1192
1242
1243
1129
1140
1599
1130
1141
1600
1004
1076
1115
1077
1116
1140
1172
1141
1173
1085
1160
1031
1245
1032
1246
1072
1283
1045
1046
1031
1250
1032
1251
968
969
1035
1257
1036
1258
1299
1300
1285
1286
1080
1137
1308
1138
1309
975
1023
1152
995
1308
1309
1037
1043
1069
1129
2826
1070
1130
2825
1185
1186
1206
1207
985
1054
1217
986
1055
1218
1085
973
1140
2335
974
1141
2336
1037
1271
1272
1172
1173
1053
1043
1109
1108
1093
1094
989
990
1098
1200
1316
1113
1247
1114
1248
1096
1097
1113
1252
1114
1253
1112
1073
1086
1179
1124
1125
1127
1128
1202
1010
1335
1011
1334
1099
1101
1100
1102
1037
1325
1203
1204
1043
1326
1325
1301
1302
1236
1237
1035
1232
1036
1233
1263
2817
2816
2206
2205
1326
1047
1048
1310
1254
1255
1137
1274
1138
1275
1296
1157
1158
1085
1209
1210
1267
1323
1268
1324
2675
2447
1078
1079
1279
1318
1319
1131
1132
1406
1405
1117
1276
1256
1222
2598
1223
2597
1122
1123
1148
1149
1220
1221
1139
1297
1298
1168
1144
1145
1285
1286
1139
1135
1136
1153
1164
1154
1165
1164
1165
1263
1489
1488
1322
1185
1186
1303
1304
1127
1128
1179
1188
1195
1305
1306
1135
1136
1146
1196
1147
1197
1285
1286
1271
1272
1161
1162
1200
1287
1308
1309
1293
1294
1161
1162
1182
1240
1187
1241
1211
1212
1172
1196
1320
1173
1197
1321
1239
1219
1208
1249
1270
1311
1277
1278
1312
1181
1295
1184
1263
1287
1264
1267
1290
1268
1291
1230
1231
1198
1280
1313
1199
1281
1314
1216
1256
1247
1248
1288
1318
1289
1319
1224
1239
1205
1213
1225
1214
1226
1277
1278
1299
1303
1300
1304
1234
1280
1235
1281
1224
1244
1273
1260
1261
1303
1304
1232
1242
1288
1233
1243
1289
1266
1257
1258
1313
1314
1290
1291
1265
1279
1318
1319
1250
1297
1251
1298
1252
1253
1269
1284
1271
1272
1310
1292
1284
1317
1276
1311
1295
1316
1296
1307
1325
1326
1322
1317
1353
1645
2288
1354
1646
2289
1333
2148
2416
1337
1609
1891
1339
1398
1895
1338
1399
1894
2174
2225
1498
1541
1499
1542
1400
1995
2558
2746
1913
2139
1912
2140
1468
1565
1469
1566
1343
2088
2253
2316
2441
1372
2450
2513
1348
2066
2940
1349
2067
2941
1357
1385
2030
2360
2685
2361
2686
1473
1698
1785
1474
1670
1699
1357
1951
2108
2759
2843
2758
2844
1401
1934
1957
1365
1739
2952
1476
1625
1650
1382
1479
2376
1381
1459
3005
1371
1444
2510
1363
1526
2250
2143
3122
1448
1472
2895
1759
1882
1393
1611
1900
1394
1612
1901
1460
1747
1933
1461
1569
1748
1508
1755
1826
2442
2548
2351
2714
1374
2185
2673
2216
2554
1413
1759
2317
1404
1684
2566
1422
2010
2055
1423
2009
2056
1383
1854
2112
1384
1855
2113
1445
1984
1446
1983
1865
2448
1866
2449
1547
1406
2196
2218
1405
2197
2219
1495
1915
2839
1442
2542
2547
1451
1784
1973
1452
1975
2114
1443
2546
2550
2052
2564
1524
2565
1567
1647
1985
1432
1614
2013
1547
1790
1798
1557
2574
1556
2573
1827
2353
1767
1940
1411
1821
2172
1412
1822
2173
2221
2719
1422
1423
1408
1582
2987
1734
2761
1675
1768
1676
1769
2203
2668
2204
2669
2058
2609
1415
1736
2616
1722
2978
1417
1438
2165
1435
2057
1638
1660
2042
1637
1661
2041
1436
1510
2469
1437
1511
2470
1634
1643
2880
1635
1644
2881
1723
1726
2406
1724
1727
2407
1441
2020
2212
1501
1554
2394
1502
1555
2395
1434
1875
2166
1479
1734
1594
2118
2950
1530
1935
1639
2889
1439
3127
1440
3128
1700
2971
1851
2021
1852
2022
2708
3154
2812
2883
2813
2884
1917
2481
1551
2381
1552
2380
1448
1568
2060
3155
1525
1571
2150
1472
1509
1695
1478
2883
2106
2884
1462
1580
1952
1463
1581
1953
1515
1831
2735
1516
1832
2736
1574
2200
2464
1459
1504
3059
1509
2519
3165
2520
3166
2001
2054
2002
2053
1735
1874
1907
1539
1996
3024
1540
1997
3025
1673
1974
2127
1496
2294
1497
2295
1478
2017
2157
1669
1696
1780
2622
2278
2586
2279
2587
1507
1583
2034
1613
2089
1529
1960
2124
2781
1593
1551
1616
1950
1552
1615
1949
1657
1830
2646
1517
1770
2631
1692
1709
2647
1693
1710
2648
1737
1815
1738
1816
1559
2237
1560
2238
1585
2132
2301
1513
2155
2753
1514
2156
2754
1535
2128
2309
1536
2129
2308
1577
2739
1589
1607
1590
1608
1543
2268
1544
2269
1750
1788
2176
1634
1778
1635
1779
1524
2256
2303
1965
2329
1626
2137
2448
1627
2138
2449
1631
3052
1571
2151
3060
1589
2946
1590
2947
1742
1760
2119
1707
3085
1708
3086
2635
2702
2636
2703
2167
2810
1632
1677
2622
1530
1563
1795
1569
1788
2670
1818
1839
2354
1525
1817
1840
1671
2071
2745
3066
1526
2312
1712
2650
2660
1713
2508
2661
2670
2904
1877
1623
1771
1810
1624
1772
1809
1776
2043
2244
1777
2044
2245
1864
2644
1863
2645
1538
1672
2130
1663
1686
2767
2872
2768
2873
2159
2210
2160
2211
1549
1601
1550
1602
1628
1778
2021
1629
1779
2022
2194
3019
1692
2031
1693
2032
2037
2036
1745
1877
2149
2584
2962
2585
2963
3153
3161
3152
3160
1648
1853
2275
2323
2426
2322
2427
1758
2194
1760
2035
2473
2038
2047
1657
1674
1789
2189
2935
2190
2936
2220
2707
2599
3060
1911
1733
2293
2431
2070
1601
2210
3042
1602
2211
3043
2762
3049
1576
1837
2773
1825
1835
1662
1697
1581
2025
2619
1580
2151
2618
1716
1717
1583
1630
1614
1588
2093
2423
2483
2890
1711
1723
1906
1724
1725
1907
1654
2011
1597
1598
1687
2105
2513
1593
1734
1966
2328
2411
2594
1689
1688
2602
2793
2603
2794
1989
2097
1988
2098
1930
1931
1604
2016
2253
1954
3093
1617
1667
1871
1620
1668
1872
2469
2737
2470
2738
1732
2573
1731
1990
2574
2629
2810
2628
2811
1850
3159
2712
1618
2380
1619
2381
1773
2547
2296
2504
2514
2822
1774
2550
1622
1825
2280
2143
2227
2804
2865
2805
2866
2545
2974
1859
2957
1860
2958
1643
1753
1644
1754
1631
2168
2004
2593
2757
1706
1830
2939
2392
2393
3026
3182
3184
1665
2367
1666
2368
1728
1923
1772
2049
1771
2048
1862
1883
3174
2418
2419
2258
2341
2259
2342
1697
1954
1703
2570
1941
2023
2115
2951
2970
1665
1691
2434
1666
1690
2433
1654
2030
2863
1951
1930
1981
2724
1931
1982
2725
3123
1944
2397
2579
1945
2398
2578
1690
2637
1691
2638
2655
3158
2018
2430
2033
2176
2424
2526
2527
1859
2860
1860
2861
1757
2969
1766
1841
1858
2853
1902
2072
2643
2840
2011
3050
2178
2401
2179
2402
1695
2405
1681
1916
2679
1796
2271
1797
2272
2355
2997
1690
2421
2718
1691
2420
2717
1761
2540
1721
1783
2248
1749
2896
2524
2720
2808
2918
2809
2919
2928
2929
1858
2157
2163
3005
2422
2472
2612
1712
1776
1713
1777
1818
2408
1729
2024
2771
1730
2063
2772
1704
2721
2260
2524
1752
2047
2185
1955
3169
2392
2880
2393
2881
2418
2878
2419
2879
2423
2959
1946
1947
1717
2349
2847
1716
2350
2848
2218
2219
1828
1991
2856
1829
1992
2857
1790
2386
2964
2290
2387
3049
3054
1898
1899
2145
2287
2620
2959
2287
2621
2529
3011
1857
3072
1856
3071
1882
3160
2325
3161
1735
2892
2343
2144
2464
2170
2437
2171
2436
2058
2165
1753
2031
2418
1754
2032
2419
1751
1791
1801
1900
2390
1802
1901
2391
1875
2260
1906
2334
2563
1749
1846
1750
1847
1848
1849
1752
1880
1795
1851
1852
2131
2773
1775
2296
2378
2337
2890
1813
3019
2396
2471
2343
2892
1765
2833
2852
1764
2834
2851
2578
2800
2579
2799
2508
2988
2314
2893
2254
2948
2255
2949
2004
3012
2080
2079
1844
2812
1845
2813
2125
2412
2046
2045
3044
3045
1781
2315
2233
2416
1873
2314
2672
1799
2507
1806
2473
1786
2650
2302
2333
1882
1998
3130
2512
2069
3083
2030
1795
2615
2061
2087
2108
1802
1897
2403
1801
1896
2404
1912
2922
1913
2923
2633
2722
2632
2723
1929
2267
3019
3098
3097
1811
1937
2402
1812
1938
2401
1910
1933
2667
2370
2673
1809
2042
2051
1810
2041
2050
2497
2498
2833
2949
2834
2948
1827
2608
1921
1929
2553
2000
2704
1999
2705
1964
2683
2684
1922
2489
2651
1923
2557
2678
1823
2561
1824
2562
2913
3006
2914
3007
1826
2150
1986
3017
1987
3018
3050
2028
2073
2029
2074
1876
2373
2726
1841
2107
2279
2104
2280
1837
2330
2496
2772
1881
2662
2840
2053
2371
2054
2372
2444
2116
2241
2117
2240
2729
3134
2730
3135
1848
1869
1849
1870
1871
1872
1985
2202
1981
1982
2575
3084
2543
2874
2544
2875
1888
1919
1889
1918
2698
1869
1870
1932
2355
2783
2644
2891
2201
2341
2327
2342
2957
3138
2958
3139
1890
2572
2664
1891
2571
2663
2960
2961
2430
2424
2876
3016
2508
2992
2133
1936
2450
2615
2120
2155
2205
2121
2156
2206
2473
2673
2726
2814
2327
3177
1961
2559
3111
1962
2457
3112
2028
2538
2589
2029
2539
2590
1904
2437
1905
2436
2888
3063
2887
1895
2572
2596
1894
2571
2595
2292
2291
1937
2014
1938
2015
2660
2755
2661
2756
1967
1968
2784
2796
2114
2152
2185
2000
2802
1999
2803
2660
2661
1993
2288
2854
1994
2289
2855
2360
2555
2361
2556
2291
2292
2142
2215
2566
2435
2659
1920
2146
2195
2384
1942
2123
1943
2122
2153
2999
2313
3041
2431
3027
2257
2129
2491
2972
2128
2492
2973
2018
2035
2072
2041
2276
3078
2042
2277
3079
2608
2031
2032
2530
2662
2896
3056
3117
2033
2038
2490
2814
2852
2851
1940
2762
3067
2630
2622
2895
2591
2847
2592
2848
2806
3136
2807
3137
2046
2755
2045
2756
1969
2461
2970
1994
2509
1993
2443
2087
2009
2515
2010
2516
2815
2540
2719
2005
2191
2993
2482
3125
2169
2695
2144
2475
2533
2556
2973
2564
3087
2565
3088
2052
2236
3146
2257
2312
2083
2760
2084
2761
2014
2810
2015
2811
2862
2974
2262
2517
2261
2518
2075
2148
2385
2035
2542
1976
2972
2038
2546
2232
2555
2264
2732
2265
2733
2095
2516
2748
2096
2515
2747
2469
2470
2297
2328
2298
2329
3158
2085
2172
2086
2173
1991
2825
1992
2826
2952
3063
2359
2358
2341
2342
2132
2480
2237
2693
2238
2694
2457
2503
2208
2209
2372
3015
2371
3014
2125
2207
2425
3013
2006
2373
2007
2450
2100
2766
2147
2745
2864
2218
2219
2094
2013
2118
2713
2376
2624
2625
2088
2801
2164
2302
2542
2199
2411
2641
2027
2534
2567
2568
2451
2757
2064
2985
2026
2198
2053
3074
2478
2775
2989
2990
2546
2217
2263
2297
2855
2298
2854
2043
2584
3044
2044
2585
3045
2966
2967
2967
2966
2114
2050
2665
2051
2666
2367
2368
3032
2070
2095
2604
2096
2605
2058
2984
2060
2965
3125
3117
2577
2942
2239
2822
3009
2131
2773
2123
2188
2146
2149
2524
2777
2849
2778
2850
2106
2152
2383
2093
2340
2151
3036
3055
2471
2076
2537
2077
2536
2158
2532
2112
3175
2113
3176
2109
2333
2838
2331
2332
2102
2858
2935
2103
2859
2936
2807
2911
2806
2910
2098
2561
2097
2562
2094
2996
2479
2654
2101
2560
2569
2364
2406
3140
2365
2407
3141
2334
3053
2639
2640
2335
2336
2382
2462
2707
2351
2994
3033
3115
2931
3042
2932
3043
2330
2905
2146
2679
2107
2945
2340
2613
2178
2186
2243
2179
2187
2242
2538
2539
2217
3080
2161
2924
2162
2925
2882
2321
2782
2600
3085
2601
3086
2131
2618
2619
2126
3104
2641
2128
2644
2129
2645
2531
2831
2731
2260
2275
2409
2435
2345
2458
2633
2346
2459
2632
2306
2589
2307
2590
2251
2819
2252
2818
2202
2220
2832
2248
3028
2150
3148
2343
2701
3048
3123
2588
2369
2995
2369
2782
2175
2575
2670
2635
2636
2370
2174
2915
2727
2728
2487
3024
2486
3025
2164
3068
2838
2428
2176
2512
2168
2689
3110
2221
2920
2710
2711
2180
2181
2657
2275
2512
2266
2428
2952
2454
3017
2455
3018
2479
2545
2405
2846
2869
2195
2496
3020
2403
2790
2404
2791
2198
2734
2763
2764
2766
2912
2193
2548
2656
2511
2934
3183
2510
2350
2445
2349
2446
2692
2956
3075
2256
3067
2432
2443
2951
2399
2491
2400
2492
2264
2265
2224
2296
2320
2915
2319
2627
2931
2932
2481
2488
2254
2420
2434
2255
2421
2433
2221
2634
2954
2995
3051
2382
2281
2676
2821
2282
2677
2820
2226
3091
2229
2656
2230
3115
2692
3122
2229
2417
2441
2548
2352
2994
2232
2530
2643
2667
2460
2588
2551
2741
2962
2552
2742
2963
2410
2559
2304
2305
2912
2917
2246
2817
2247
2816
2467
2468
2586
2715
2587
2716
2536
2736
2537
2735
2983
2314
2429
2762
2354
2408
2273
2281
2274
2282
2366
2318
2889
2308
2454
2309
2455
2291
2922
2292
2923
2451
2712
2635
2636
3063
3179
2528
2928
2929
2324
2626
2274
2871
2273
2870
2476
2477
2283
2498
2284
2497
2877
3081
3082
2734
2789
2788
2285
2903
2286
2902
2298
2465
2297
2466
2290
2485
2484
3028
2699
3047
2793
2794
2319
2802
2933
2320
2803
2934
2353
2553
2877
2457
2503
3023
3022
2828
2860
2829
2861
2399
2400
2374
2580
2729
2375
2581
2730
2827
2528
3034
2316
2706
2417
2318
2533
2396
2535
2657
2369
2615
2691
2914
2690
2913
2415
2823
2326
2521
2680
3129
2509
2902
2903
2700
2358
2826
2359
2825
2563
2340
2347
2348
2362
2731
2505
2600
2647
2506
2601
2648
2410
2576
2617
2602
2696
2603
2697
2453
2562
2452
2561
2606
2607
2352
2560
2608
3121
2814
2466
2484
2770
2465
2485
2769
2805
2804
2519
2520
2422
2675
2614
2625
3124
2946
3127
2947
3128
2706
2835
3094
3095
2554
2611
2610
2674
2715
2828
2716
2829
2377
2378
2882
2380
2381
2869
3126
2483
2444
2651
2495
2549
3133
2620
2722
2621
2723
2390
2676
3087
2391
2677
3088
2564
2565
2394
2395
2741
2742
2503
2761
2986
2760
2976
2454
2455
2403
2404
2593
2836
2837
2827
2642
2823
2680
2412
2882
2440
2604
2639
2439
2605
2640
2478
3002
2417
2927
2926
2830
2863
2550
2765
2994
2452
2453
2684
2998
3049
2547
2992
2785
2938
2921
2591
2592
2634
2983
2517
2518
2442
2996
3099
3027
2710
2711
2649
2658
2538
2539
3120
2913
2914
2525
2577
2740
2793
2794
2472
2792
2528
2890
3073
2522
2529
2943
2533
2854
2855
2476
2870
2477
2871
2671
2830
2478
2535
2627
2609
3031
2789
2788
2930
3109
3116
2630
3000
3103
2844
2843
2768
3171
2767
3170
2549
2975
2699
2991
2513
2679
2777
2778
2495
2772
2797
2771
2798
3057
2496
2770
2769
2501
2519
2685
2502
2520
2686
2874
3138
2875
3139
3091
3167
2928
2929
2983
3167
2511
3057
3099
3163
3015
3014
2982
2981
2522
2558
2576
2541
2674
3118
2695
3094
3095
2557
2531
2784
3113
2535
2975
3171
3170
3119
2652
2726
2767
3175
2768
3176
2901
2953
2989
3069
2990
3070
3103
2698
2849
2850
2558
2680
3100
2650
2701
3003
3107
3004
3108
2570
3162
3102
2573
2574
2904
3147
2899
2900
2586
3134
2587
3135
2584
2715
2779
2585
2716
2780
3133
3069
3070
2606
2607
2594
3075
2663
2982
2664
2981
2727
2808
2728
2809
2977
3035
3156
3157
2711
2710
2984
2885
3061
2886
3062
2739
3093
2853
3039
2800
2965
2617
3148
3146
2848
2847
3140
3141
2845
3026
2689
2852
2851
2627
2704
2630
3066
2631
3032
3040
2920
3077
3136
3076
3137
3105
3106
3058
2839
3002
2662
2785
3048
3119
3089
3090
2659
2921
3010
2653
2938
2785
2840
2658
3008
2659
3008
2657
2930
2743
2744
3094
3095
2831
2777
3029
2778
3030
2782
2796
2894
3051
2993
3109
3098
3097
2683
2746
2685
2872
2906
2686
2873
2907
3061
3062
2763
2918
2764
2919
3101
2693
3150
2694
3151
3074
2906
2907
3164
2722
3131
2723
3132
3055
2864
3020
3038
3028
2753
2989
2754
2990
3113
2969
2815
2709
3168
2739
2774
2713
3120
2720
3100
2899
3137
2900
3136
3164
2721
3102
2737
3042
2738
3043
2908
2909
2860
2861
3109
2735
2816
2736
2817
2985
2935
2936
2939
3169
2753
2754
2747
3106
2748
3105
3039
3178
2750
2749
2886
3014
2885
3015
2755
2836
2897
2756
2837
2898
2950
2857
3018
2856
3017
3035
2858
2859
2766
3058
2841
2842
3038
2775
2839
3002
2795
3056
3155
2786
2962
2787
2963
2877
2944
2784
2997
2828
3069
2829
3070
2790
2791
3097
3098
3133
2895
3080
2999
2933
3071
2934
3072
2986
3101
2976
3154
3168
3071
3072
2867
2868
3077
3076
3142
3143
3000
3064
3065
2835
2820
3152
2821
3153
3088
3087
3126
2978
3032
3037
2971
2896
3041
3103
2980
2979
3073
3107
3108
3068
2843
2865
2844
2866
2901
2974
2916
3075
2972
2973
3068
2867
2868
3144
3145
3026
3182
2964
3036
2867
2868
3005
2874
2875
2968
2998
2880
3089
2881
3090
2944
2945
2887
2888
3178
3179
2971
2937
3104
3149
2894
3056
3080
2966
3003
2967
3004
2979
2980
2910
2911
3046
2985
3038
3172
3173
2931
3142
2932
3143
3079
3078
3021
3113
2917
3126
2956
3144
3145
3023
3022
2949
2980
2948
2979
2953
3033
3162
3096
2942
3029
3172
3030
3173
3053
3011
3031
3064
3065
3156
3157
3120
3001
2975
2955
3055
2991
3010
3021
2960
2961
2964
3165
3166
2977
3012
3040
3073
3034
2977
3146
3105
3106
3011
2987
3110
2992
3027
3036
3009
3010
3116
2999
3054
3124
3034
3041
3044
3045
3029
3150
3030
3151
3159
3163
3013
3016
3052
3057
3058
3025
3024
3147
3174
3059
3040
3054
3083
3084
3104
3048
3149
3053
3052
3060
3178
3179
3081
3082
3067
3121
3078
3079
3134
3135
3123
3162
3089
3090
3092
3114
3177
3168
3099
3118
3102
3110
3127
3128
3129
3153
3130
3152
3115
3174
3154
3155
3163
3149
3122
3125
3161
3160
3140
3156
3141
3157
3165
3166
3144
3145
3148
3172
3173
3159
3169
3177
3175
3176
3183
3184
)


// ************************************************************************* //
