/*--------------------------------*- C++ -*----------------------------------*\
| =========                 |                                                 |
| \\      /  F ield         | OpenFOAM: The Open Source CFD Toolbox           |
|  \\    /   O peration     | Version:  2.2.0                                 |
|   \\  /    A nd           | Web:      www.OpenFOAM.org                      |
|    \\/     M anipulation  |                                                 |
\*---------------------------------------------------------------------------*/
FoamFile
{
    version     2.0;
    format      ascii;
    class       vectorField;
    location    "constant/polyMesh";
    object      points;
}
// * * * * * * * * * * * * * * * * * * * * * * * * * * * * * * * * * * * * * //


4584
(
(0.5 0 0)
(-0.5 0 0)
(0 0.5 0)
(0 -0.5 0)
(-10 5 0)
(10 5 0)
(-10 -5 0)
(10 -5 0)
(-10 -5 1)
(10 -5 1)
(10 5 1)
(-10 5 1)
(-0.5 0 1)
(0 0.5 1)
(0.5 0 1)
(0 -0.5 1)
(0.46194 0.191342 0)
(0.353553 0.353553 0)
(0.191342 0.46194 0)
(-0.191342 0.46194 0)
(-0.353553 0.353553 0)
(-0.46194 0.191342 0)
(-0.46194 -0.191342 0)
(-0.353553 -0.353553 0)
(-0.191342 -0.46194 0)
(0.191342 -0.46194 0)
(0.353553 -0.353553 0)
(0.46194 -0.191342 0)
(-10 4.44444 0)
(-10 3.88889 0)
(-10 3.33333 0)
(-10 2.77778 0)
(-10 2.22222 0)
(-10 1.66667 0)
(-10 1.11111 0)
(-10 0.555556 0)
(-10 7.60192e-12 0)
(-10 -0.555556 0)
(-10 -1.11111 0)
(-10 -1.66667 0)
(-10 -2.22222 0)
(-10 -2.77778 0)
(-10 -3.33333 0)
(-10 -3.88889 0)
(-10 -4.44444 0)
(-9.47368 -5 0)
(-8.94737 -5 0)
(-8.42105 -5 0)
(-7.89474 -5 0)
(-7.36842 -5 0)
(-6.84211 -5 0)
(-6.31579 -5 0)
(-5.78947 -5 0)
(-5.26316 -5 0)
(-4.73684 -5 0)
(-4.21053 -5 0)
(-3.68421 -5 0)
(-3.15789 -5 0)
(-2.63158 -5 0)
(-2.10526 -5 0)
(-1.57895 -5 0)
(-1.05263 -5 0)
(-0.526316 -5 0)
(-1.37899e-11 -5 0)
(0.526316 -5 0)
(1.05263 -5 0)
(1.57895 -5 0)
(2.10526 -5 0)
(2.63158 -5 0)
(3.15789 -5 0)
(3.68421 -5 0)
(4.21053 -5 0)
(4.73684 -5 0)
(5.26316 -5 0)
(5.78947 -5 0)
(6.31579 -5 0)
(6.84211 -5 0)
(7.36842 -5 0)
(7.89474 -5 0)
(8.42105 -5 0)
(8.94737 -5 0)
(9.47368 -5 0)
(10 -4.44444 0)
(10 -3.88889 0)
(10 -3.33333 0)
(10 -2.77778 0)
(10 -2.22222 0)
(10 -1.66667 0)
(10 -1.11111 0)
(10 -0.555556 0)
(10 -7.60192e-12 0)
(10 0.555556 0)
(10 1.11111 0)
(10 1.66667 0)
(10 2.22222 0)
(10 2.77778 0)
(10 3.33333 0)
(10 3.88889 0)
(10 4.44444 0)
(9.47368 5 0)
(8.94737 5 0)
(8.42105 5 0)
(7.89474 5 0)
(7.36842 5 0)
(6.84211 5 0)
(6.31579 5 0)
(5.78947 5 0)
(5.26316 5 0)
(4.73684 5 0)
(4.21053 5 0)
(3.68421 5 0)
(3.15789 5 0)
(2.63158 5 0)
(2.10526 5 0)
(1.57895 5 0)
(1.05263 5 0)
(0.526316 5 0)
(1.37899e-11 5 0)
(-0.526316 5 0)
(-1.05263 5 0)
(-1.57895 5 0)
(-2.10526 5 0)
(-2.63158 5 0)
(-3.15789 5 0)
(-3.68421 5 0)
(-4.21053 5 0)
(-4.73684 5 0)
(-5.26316 5 0)
(-5.78947 5 0)
(-6.31579 5 0)
(-6.84211 5 0)
(-7.36842 5 0)
(-7.89474 5 0)
(-8.42105 5 0)
(-8.94737 5 0)
(-9.47368 5 0)
(-9.47368 -5 1)
(-8.94737 -5 1)
(-8.42105 -5 1)
(-7.89474 -5 1)
(-7.36842 -5 1)
(-6.84211 -5 1)
(-6.31579 -5 1)
(-5.78947 -5 1)
(-5.26316 -5 1)
(-4.73684 -5 1)
(-4.21053 -5 1)
(-3.68421 -5 1)
(-3.15789 -5 1)
(-2.63158 -5 1)
(-2.10526 -5 1)
(-1.57895 -5 1)
(-1.05263 -5 1)
(-0.526316 -5 1)
(-1.37899e-11 -5 1)
(0.526316 -5 1)
(1.05263 -5 1)
(1.57895 -5 1)
(2.10526 -5 1)
(2.63158 -5 1)
(3.15789 -5 1)
(3.68421 -5 1)
(4.21053 -5 1)
(4.73684 -5 1)
(5.26316 -5 1)
(5.78947 -5 1)
(6.31579 -5 1)
(6.84211 -5 1)
(7.36842 -5 1)
(7.89474 -5 1)
(8.42105 -5 1)
(8.94737 -5 1)
(9.47368 -5 1)
(10 -4.44444 1)
(10 -3.88889 1)
(10 -3.33333 1)
(10 -2.77778 1)
(10 -2.22222 1)
(10 -1.66667 1)
(10 -1.11111 1)
(10 -0.555556 1)
(10 -7.60192e-12 1)
(10 0.555556 1)
(10 1.11111 1)
(10 1.66667 1)
(10 2.22222 1)
(10 2.77778 1)
(10 3.33333 1)
(10 3.88889 1)
(10 4.44444 1)
(9.47368 5 1)
(8.94737 5 1)
(8.42105 5 1)
(7.89474 5 1)
(7.36842 5 1)
(6.84211 5 1)
(6.31579 5 1)
(5.78947 5 1)
(5.26316 5 1)
(4.73684 5 1)
(4.21053 5 1)
(3.68421 5 1)
(3.15789 5 1)
(2.63158 5 1)
(2.10526 5 1)
(1.57895 5 1)
(1.05263 5 1)
(0.526316 5 1)
(1.37899e-11 5 1)
(-0.526316 5 1)
(-1.05263 5 1)
(-1.57895 5 1)
(-2.10526 5 1)
(-2.63158 5 1)
(-3.15789 5 1)
(-3.68421 5 1)
(-4.21053 5 1)
(-4.73684 5 1)
(-5.26316 5 1)
(-5.78947 5 1)
(-6.31579 5 1)
(-6.84211 5 1)
(-7.36842 5 1)
(-7.89474 5 1)
(-8.42105 5 1)
(-8.94737 5 1)
(-9.47368 5 1)
(-10 4.44444 1)
(-10 3.88889 1)
(-10 3.33333 1)
(-10 2.77778 1)
(-10 2.22222 1)
(-10 1.66667 1)
(-10 1.11111 1)
(-10 0.555556 1)
(-10 7.60192e-12 1)
(-10 -0.555556 1)
(-10 -1.11111 1)
(-10 -1.66667 1)
(-10 -2.22222 1)
(-10 -2.77778 1)
(-10 -3.33333 1)
(-10 -3.88889 1)
(-10 -4.44444 1)
(-0.46194 0.191342 1)
(-0.353553 0.353553 1)
(-0.191342 0.46194 1)
(0.191342 0.46194 1)
(0.353553 0.353553 1)
(0.46194 0.191342 1)
(0.46194 -0.191342 1)
(0.353553 -0.353553 1)
(0.191342 -0.46194 1)
(-0.191342 -0.46194 1)
(-0.353553 -0.353553 1)
(-0.46194 -0.191342 1)
(-10 -5 0.5)
(10 -5 0.5)
(10 5 0.5)
(-10 5 0.5)
(-0.5 0 0.5)
(0 0.5 0.5)
(0.5 0 0.5)
(0 -0.5 0.5)
(-3.73885 -1.38562 0)
(3.732 1.39249 0)
(3.03982 -1.17086 0)
(-3.03982 1.17086 0)
(1.06691 -2.64387 0)
(-1.06691 2.64387 0)
(-1.0114 -2.36505 0)
(1.01398 2.36507 0)
(-6.60521 0.585518 0)
(6.59835 -0.584227 0)
(2.05577 0.839514 0)
(-2.05368 -0.844747 0)
(-6.3233 -2.20164 0)
(6.32871 2.21247 0)
(1.75487 -0.810117 0)
(-1.75487 0.810117 0)
(4.9902 -2.55593 0)
(-5.028 2.56617 0)
(0.640271 -1.46305 0)
(-0.640144 1.45835 0)
(7.44539 -2.74128 0)
(-7.44729 2.73987 0)
(-4.46866 0.132622 0)
(4.47863 -0.124644 0)
(-2.7985 -3.00081 0)
(2.7985 3.00081 0)
(-2.94227 3.2072 0)
(2.94077 -3.2099 0)
(-0.542994 -1.39696 0)
(0.543023 1.39643 0)
(-4.46098 -3.33661 0)
(4.46799 3.32722 0)
(-8.07436 -0.91696 0)
(8.07921 0.925443 0)
(1.22784 0.478339 0)
(-1.23325 -0.471045 0)
(-3.26996 -0.280161 0)
(3.29098 0.263322 0)
(-8.04213 -3.07543 0)
(8.04696 3.08462 0)
(-0.074477 -3.54414 0)
(0.0733744 3.54234 0)
(-5.21043 -1.24981 0)
(5.20279 1.2518 0)
(-8.23337 1.11755 0)
(8.23519 -1.10943 0)
(-2.12842 -2.08134 0)
(2.12842 2.08134 0)
(-2.04255 1.96242 0)
(2.04231 -1.96282 0)
(-1.47482 -3.57677 0)
(1.47449 3.57721 0)
(1.03823 -0.414232 0)
(-1.03797 0.414758 0)
(0.0511299 -2.35631 0)
(-0.0511285 2.35626 0)
(4.36549 -1.41327 0)
(-4.36636 1.41343 0)
(-1.34755 -1.32048 0)
(1.34992 1.32045 0)
(-6.3799 -0.839471 0)
(6.376 0.851319 0)
(-2.33973 0.118261 0)
(2.34136 -0.116473 0)
(6.11192 -3.53567 0)
(-6.15285 3.53806 0)
(-5.85084 -3.60738 0)
(5.85063 3.60984 0)
(4.24326 -3.65698 0)
(-4.26007 3.65775 0)
(-1.66336 3.82404 0)
(1.6683 -3.85648 0)
(6.33398 -1.96917 0)
(-6.33776 1.96677 0)
(2.79562 1.37773 0)
(-2.79546 -1.37813 0)
(-8.50886 3.63774 0)
(8.50958 -3.64972 0)
(0.397673 -1.00049 0)
(-0.41114 0.991106 0)
(1.7584 -0.00402016 0)
(-1.75708 0.00268396 0)
(-5.42065 0.935258 0)
(5.42494 -0.939937 0)
(-3.51506 -2.60224 0)
(3.49348 2.60427 0)
(3.51411 -2.40513 0)
(-3.51278 2.40562 0)
(-4.01786 -0.621522 0)
(4.01173 0.645127 0)
(4.57864 2.10471 0)
(-4.57497 -2.10809 0)
(8.67924 -2.13585 0)
(-8.68 2.13612 0)
(-0.666253 -0.875379 0)
(0.666401 0.874588 0)
(1.22781 -1.17096 0)
(-1.22778 1.16979 0)
(-3.8475 0.757467 0)
(3.84671 -0.756352 0)
(-3.61192 -3.93051 0)
(3.6128 3.92933 0)
(-8.60343 -1.9942 0)
(8.60796 2.00282 0)
(5.70467 0.283516 0)
(-5.70467 -0.283516 0)
(-8.8621 0.0260962 0)
(8.86131 -0.0308 0)
(6.99477 3.72906 0)
(-6.99477 -3.72906 0)
(-0.109953 -1.00596 0)
(0.03474 -1.66007 0)
(0.11005 1.00236 0)
(-0.0347307 1.65973 0)
(-2.00084 2.71933 0)
(2.00084 -2.71933 0)
(-7.48804 -1.94902 0)
(7.46887 1.95128 0)
(-7.39368 3.85558 0)
(7.38721 -3.86039 0)
(1.27808 -1.84628 0)
(-1.27808 1.84628 0)
(-7.52689 0.165848 0)
(7.52603 -0.171 0)
(-1.66636 -2.72217 0)
(1.66838 2.72218 0)
(2.43544 -0.711343 0)
(-2.43544 0.711343 0)
(-2.69376 -0.700864 0)
(2.69523 0.697184 0)
(1.00573 0.0098794 0)
(-1.00331 -0.0116185 0)
(5.31752 2.70041 0)
(-5.31946 -2.6866 0)
(0.86297 -3.51418 0)
(-0.870715 3.50152 0)
(-2.91152 -2.14042 0)
(2.91046 2.14202 0)
(-7.13538 1.32086 0)
(7.1373 -1.32358 0)
(2.31978 4.04614 0)
(-2.31422 -4.04688 0)
(5.20318 -4.12803 0)
(-5.22501 4.12162 0)
(-8.90894 -3.91056 0)
(8.90948 3.91158 0)
(-3.35322 4.07152 0)
(3.35104 -4.07208 0)
(-0.434291 -2.84442 0)
(0.434417 2.84421 0)
(-3.32596 -0.951745 0)
(3.31994 0.975138 0)
(-1.91829 -1.42624 0)
(1.92074 1.42571 0)
(-5.02502 -3.99244 0)
(5.02299 3.99231 0)
(-1.50466 -1.93635 0)
(1.51016 1.93859 0)
(-0.489155 -2.02842 0)
(0.489156 2.02838 0)
(2.8488 -1.88897 0)
(-2.8488 1.88897 0)
(1.67443 0.448277 0)
(-1.67271 -0.452571 0)
(0.682823 -0.637709 0)
(-0.684109 0.636209 0)
(1.73276 -1.38938 0)
(-1.73279 1.38917 0)
(0.604664 -2.144 0)
(-0.604757 2.14326 0)
(4.4601 1.3849 0)
(-4.46087 -1.38324 0)
(-0.750127 -0.437068 0)
(0.749974 0.437187 0)
(-3.08386 0.39031 0)
(3.08563 -0.381296 0)
(0.802468 4.15615 0)
(-0.802794 -4.15668 0)
(-7.05941 -2.81553 0)
(7.06484 2.82588 0)
(-4.91505 -0.565916 0)
(4.92002 0.564191 0)
(0.984893 1.70343 0)
(-0.983729 -1.70324 0)
(-9.1387 -1.14109 0)
(9.13973 1.14259 0)
(-4.29829 2.84394 0)
(4.29829 -2.84394 0)
(5.2404 -1.74077 0)
(-5.25351 1.74321 0)
(-9.1411 -2.93264 0)
(9.1411 2.93264 0)
(-5.95604 -1.46098 0)
(5.95786 1.47765 0)
(5.80668 -2.70161 0)
(-5.82593 2.67822 0)
(0.397282 -2.87442 0)
(-0.39825 2.87278 0)
(-9.20335 1.22455 0)
(9.20338 -1.22414 0)
(1.54175 0.88379 0)
(-1.54156 -0.884267 0)
(-3.81092 0.0552687 0)
(3.79354 -0.0516886 0)
(2.32482 -1.3157 0)
(-2.32482 1.3157 0)
(-1.06472 4.27947 0)
(1.05285 -4.29888 0)
(7.95352 4.21456 0)
(-7.95352 -4.21456 0)
(7.83051 -2.03809 0)
(-7.83139 2.03819 0)
(0.356863 0.642367 0)
(-0.35685 -0.642848 0)
(1.59611 -2.40473 0)
(-1.59742 2.40257 0)
(0.252443 -4.21552 0)
(-0.254623 4.21195 0)
(-2.41874 4.09802 0)
(2.4097 -4.11279 0)
(-0.711544 0.284694 0)
(0.710848 -0.278845 0)
(-1.07709 -2.99222 0)
(1.07709 2.99222 0)
(-6.75215 -1.49848 0)
(6.75599 1.5066 0)
(0.949317 1.19191 0)
(-0.949317 -1.19191 0)
(6.28865 4.30187 0)
(-6.28865 -4.30187 0)
(3.67721 -1.60406 0)
(-3.67721 1.60406 0)
(4.27721 4.27542 0)
(-4.27627 -4.27667 0)
(4.7376 -0.888951 0)
(-4.73813 0.89025 0)
(-2.1894 -0.368938 0)
(2.19603 0.36398 0)
(-6.62412 -0.134066 0)
(6.62412 0.134066 0)
(-1.94774 0.37234 0)
(1.94774 -0.37234 0)
(0.818786 -1.00691 0)
(-0.81863 1.00114 0)
(-2.17762 -3.30859 0)
(2.17762 3.30859 0)
(-6.09067 1.17396 0)
(6.10552 -1.17448 0)
(9.17845 -4.16888 0)
(-9.18178 4.15816 0)
(-9.15267 3.06188 0)
(9.1536 -3.06606 0)
(2.32295 2.64582 0)
(-2.32282 -2.6456 0)
(-0.214299 1.27228 0)
(0.214534 -1.28093 0)
(5.03934 -3.26842 0)
(-5.07278 3.26846 0)
(-5.87276 0.430959 0)
(5.88833 -0.437072 0)
(0.761559 3.45551 0)
(-0.761706 -3.45575 0)
(-6.29388 4.31613 0)
(6.30224 -4.32085 0)
(-3.02945 -4.33812 0)
(3.02957 4.33797 0)
(-1.55342 3.08528 0)
(1.54352 -3.10146 0)
(-6.72671 2.87131 0)
(6.7083 -2.86875 0)
(3.64219 -3.20146 0)
(-3.65957 3.22902 0)
(3.50166 3.19982 0)
(-3.5131 -3.19892 0)
(0.267679 -0.686676 0)
(-0.26751 0.680428 0)
(-4.42338 2.10092 0)
(4.42997 -2.10218 0)
(5.25082 1.87305 0)
(-5.24397 -1.88586 0)
(-8.4067 4.35452 0)
(8.39733 -4.36146 0)
(8.18438 -2.91161 0)
(-8.19218 2.90582 0)
(-5.19113 -3.36886 0)
(5.20456 3.35085 0)
(7.08495 -2.14054 0)
(-7.08495 2.14054 0)
(2.36238 1.19312 0)
(-2.36151 -1.19445 0)
(3.83114 2.00817 0)
(-3.83405 -2.00527 0)
(-7.17034 -0.827315 0)
(7.18855 0.83748 0)
(1.69987 4.33065 0)
(-1.69987 -4.33065 0)
(6.31988 3.00528 0)
(-6.32398 -2.99695 0)
(1.44139 -0.351564 0)
(-1.44116 0.351399 0)
(4.22174 -4.38684 0)
(-4.229 4.38378 0)
(-1.08659 -0.846077 0)
(1.0878 0.843045 0)
(2.741 0.184815 0)
(-2.73477 -0.172772 0)
(-3.28011 -1.62661 0)
(3.26697 1.6463 0)
(1.37363 0.128345 0)
(-1.37193 -0.132742 0)
(-2.23482 3.28153 0)
(2.22368 -3.29974 0)
(-2.40668 -1.64449 0)
(2.40703 1.64437 0)
(-2.59131 2.54908 0)
(2.59007 -2.5511 0)
(-1.20201 0.736624 0)
(1.20208 -0.737354 0)
(9.39942 2.12502 0)
(-9.39881 -2.12387 0)
(-9.46214 -4.44299 0)
(9.46214 4.44299 0)
(-5.66724 -0.89452 0)
(5.66713 0.896778 0)
(-9.42807 2.18565 0)
(9.42807 -2.18565 0)
(-4.20281 -2.64608 0)
(4.21121 2.64973 0)
(-5.17474 0.318873 0)
(5.17807 -0.318713 0)
(5.58348 4.34172 0)
(-5.58377 -4.34141 0)
(-2.89859 -3.66066 0)
(2.89932 3.66043 0)
(7.47415 3.97181 0)
(7.39781 4.60728 0)
(6.91844 4.36453 0)
(-6.91844 -4.36453 0)
(-7.47415 -3.97181 0)
(-7.39781 -4.60728 0)
(0.319702 -1.90204 0)
(0.622468 -1.80353 0)
(0.337506 -1.56156 0)
(-0.319744 1.90149 0)
(-0.62245 1.8008 0)
(-0.337437 1.55904 0)
(8.47026 0.447321 0)
(7.80262 0.377222 0)
(8.19367 -0.1009 0)
(-8.46823 -0.445432 0)
(-7.80063 -0.375556 0)
(-8.1945 0.095972 0)
(-7.88013 0.6417 0)
(-8.54773 0.571824 0)
(8.54825 -0.570113 0)
(7.88061 -0.640213 0)
(-2.85501 -2.57062 0)
(-3.21329 -2.37133 0)
(-3.15678 -2.80153 0)
(2.85448 2.57141 0)
(3.20197 2.37314 0)
(3.14599 2.80254 0)
(7.92413 4.60728 0)
(-7.92413 -4.60728 0)
(-0.219013 -2.19236 0)
(-0.461723 -2.43642 0)
(-0.19158 -2.60036 0)
(0.219014 2.19232 0)
(0.461787 2.4363 0)
(0.191644 2.60024 0)
(-1.74383 1.09964 0)
(-2.0288 1.35244 0)
(-2.03984 1.06291 0)
(1.74382 -1.09975 0)
(2.02879 -1.35254 0)
(2.03984 -1.06291 0)
(-5.53972 2.21071 0)
(-6.08185 2.32249 0)
(-5.79563 1.85499 0)
(5.52354 -2.22119 0)
(6.07033 -2.33539 0)
(5.78719 -1.85497 0)
(-6.1644 -0.208791 0)
(-5.78871 0.0737213 0)
(-6.24844 0.148446 0)
(6.1644 0.208791 0)
(5.7965 -0.0767778 0)
(6.25623 -0.151503 0)
(5.42301 -2.98502 0)
(5.57563 -3.40205 0)
(5.9593 -3.11864 0)
(-5.98939 3.10814 0)
(-5.44936 2.97334 0)
(-5.61281 3.40326 0)
(-0.959114 1.65232 0)
(-1.25293 1.50804 0)
(-0.933961 1.31407 0)
(0.959177 -1.65467 0)
(1.25295 -1.50862 0)
(0.93404 -1.317 0)
(-0.722847 -2.60473 0)
(-0.750279 -2.19674 0)
(0.724197 2.60464 0)
(0.751566 2.19673 0)
(8.03841 1.97705 0)
(7.77404 1.43836 0)
(8.34358 1.46413 0)
(-8.04574 -1.97161 0)
(-7.7812 -1.43299 0)
(-8.33889 -1.45558 0)
(0.604712 1.13551 0)
(0.326537 1.1994 0)
(0.388225 0.938473 0)
(-0.604624 -1.13617 0)
(-0.326474 -1.20146 0)
(-0.388103 -0.94067 0)
(-2.09515 0.76073 0)
(-2.38013 1.01352 0)
(2.09515 -0.76073 0)
(2.38013 -1.01352 0)
(-7.06605 0.375683 0)
(-6.8703 0.95319 0)
(-7.33114 0.743355 0)
(7.06219 -0.377613 0)
(6.86782 -0.953902 0)
(7.33166 -0.747288 0)
(-8.32278 -2.53481 0)
(-7.76509 -2.51222 0)
(8.32746 2.54372 0)
(7.75791 2.51795 0)
(0.233457 0.822362 0)
(0.511632 0.758478 0)
(-0.233401 -0.824405 0)
(-0.511552 -0.759113 0)
(-2.75965 0.550827 0)
(-2.71179 0.254286 0)
(-2.38758 0.414802 0)
(2.76054 -0.54632 0)
(2.71349 -0.248885 0)
(2.3884 -0.413908 0)
(-4.03645 -3.63356 0)
(-3.56251 -3.56472 0)
(-3.98704 -3.26777 0)
(4.0404 3.62827 0)
(3.55723 3.56457 0)
(3.98482 3.26352 0)
(1.02198 -0.202176 0)
(1.23981 -0.382898 0)
(1.22356 -0.170842 0)
(-1.02064 0.201569 0)
(-1.23957 0.383078 0)
(-1.22223 0.16989 0)
(-3.85796 -2.9225 0)
(-4.33189 -2.99135 0)
(3.85644 2.92478 0)
(4.3396 2.98848 0)
(-5.14075 2.15469 0)
(-5.42697 2.62219 0)
(5.1153 -2.14835 0)
(5.39844 -2.62877 0)
(-4.36863 -3.80664 0)
(-3.9441 -4.10359 0)
(4.3726 3.80132 0)
(3.94501 4.10237 0)
(-6.50201 -0.486769 0)
(-6.04228 -0.561494 0)
(6.50006 0.492693 0)
(6.04033 0.567417 0)
(-1.40655 0.109328 0)
(-1.18762 -0.0721802 0)
(1.40751 -0.11161 0)
(1.18968 0.0691121 0)
(0.0429349 -2.00819 0)
(0.327897 -2.25016 0)
(-0.0429296 2.00799 0)
(-0.327943 2.24976 0)
(-0.0549763 -0.752981 0)
(0.0788633 -0.846319 0)
(0.13384 -0.593338 0)
(-0.0787299 0.841393 0)
(-0.133755 0.590214 0)
(0.0550251 0.751179 0)
(-1.99884 4.54901 0)
(-2.04105 3.96103 0)
(-1.62115 4.41202 0)
(1.99433 -4.5564 0)
(2.039 -3.98464 0)
(1.62363 -4.42824 0)
(-0.55184 -0.395311 0)
(-0.553489 -0.539958 0)
(-0.355202 -0.4982 0)
(0.551763 0.39537 0)
(0.553418 0.539777 0)
(0.355208 0.49796 0)
(-1.36404 4.05175 0)
(-1.32184 4.63973 0)
(1.36058 -4.07768 0)
(1.3159 -4.64944 0)
(-0.254127 -1.52852 0)
(-0.0376063 -1.33302 0)
(0.254146 1.52808 0)
(0.0376597 1.33104 0)
(2.91332 -0.0982407 0)
(2.54118 0.0341711 0)
(-2.90932 0.108769 0)
(-2.53725 -0.0272552 0)
(5.12126 -3.69823 0)
(5.65755 -3.83185 0)
(-5.14889 3.69504 0)
(-5.68893 3.82984 0)
(-3.67191 -0.786634 0)
(-3.29796 -0.615953 0)
(-3.64391 -0.450841 0)
(3.65136 0.454224 0)
(3.66583 0.810132 0)
(3.30546 0.61923 0)
(-8.45668 1.62684 0)
(-8.94167 1.68034 0)
(-8.71836 1.17105 0)
(8.45721 -1.62264 0)
(8.94131 -1.68 0)
(8.71928 -1.16678 0)
(-7.68437 1.21921 0)
(7.68624 -1.2165 0)
(0.135847 4.60598 0)
(0.273923 4.18405 0)
(0.664392 4.57807 0)
(-0.136937 -4.60776 0)
(-0.275176 -4.1861 0)
(-0.664555 -4.57834 0)
(-2.26456 -0.125338 0)
(-1.97324 -0.183127 0)
(-2.0484 0.0604727 0)
(2.26869 0.123754 0)
(1.97721 0.17998 0)
(2.04988 -0.0602464 0)
(-3.51408 -2.90058 0)
(-3.85894 -2.62416 0)
(3.85235 2.627 0)
(3.49757 2.90204 0)
(6.97227 1.17204 0)
(7.32871 1.39438 0)
(7.11243 1.72894 0)
(-7.1201 -1.72375 0)
(-6.96124 -1.1629 0)
(-7.32919 -1.38817 0)
(4.76437 2.67507 0)
(4.39492 2.37722 0)
(4.94808 2.40256 0)
(-4.76114 -2.66634 0)
(-4.38889 -2.37709 0)
(-4.94722 -2.39734 0)
(-1.33888 -2.54361 0)
(-1.25803 -2.1507 0)
(-1.58551 -2.32926 0)
(1.34118 2.54363 0)
(1.26207 2.15183 0)
(1.58927 2.33038 0)
(-3.1558 -3.09987 0)
(3.15008 3.10031 0)
(-3.00986 -0.826305 0)
(-3.06071 -1.16494 0)
(-2.74461 -1.0395 0)
(3.00758 0.836161 0)
(3.05778 1.17643 0)
(2.74543 1.03745 0)
(-3.5324 -1.16868 0)
(-3.87835 -1.00357 0)
(3.87186 1.01881 0)
(3.52597 1.18381 0)
(-1.71489 -0.224944 0)
(-1.93106 -0.410754 0)
(1.71641 0.222129 0)
(1.93523 0.406129 0)
(-1.98598 -1.13549 0)
(-1.72992 -1.15525 0)
(-1.79762 -0.864507 0)
(1.98826 1.13261 0)
(1.73125 1.15475 0)
(1.79876 0.861652 0)
(-6.13967 -1.83131 0)
(-5.78364 -2.04375 0)
(-5.60001 -1.67342 0)
(6.14328 1.84506 0)
(5.78977 2.04276 0)
(5.60434 1.67535 0)
(-5.28172 -2.28623 0)
(-5.82138 -2.44412 0)
(5.28417 2.28673 0)
(5.82312 2.45644 0)
(7.63388 0.881461 0)
(-7.62235 -0.872137 0)
(9.45474 3.90024 0)
(9.02529 3.42211 0)
(9.57055 3.41076 0)
(-9.45447 -3.89973 0)
(-9.02502 -3.4216 0)
(-9.57055 -3.41076 0)
(-1.89739 -2.40175 0)
(-1.81654 -2.00885 0)
(1.8984 2.40176 0)
(1.81929 2.00996 0)
(-3.30303 -1.28918 0)
(-3.03778 -1.50237 0)
(3.29345 1.31072 0)
(3.0313 1.51201 0)
(-6.21422 1.57036 0)
(-5.67209 1.45858 0)
(6.21975 -1.57183 0)
(5.67296 -1.45763 0)
(0.0180833 2.8585 0)
(-0.224689 2.61452 0)
(-0.0185046 -2.85942 0)
(0.224206 -2.61536 0)
(3.08872 1.89416 0)
(3.54905 1.82723 0)
(3.3708 2.0751 0)
(-3.09581 -1.88352 0)
(-3.55708 -1.81594 0)
(-3.37278 -2.07285 0)
(4.89276 3.01381 0)
(-4.89022 -3.01161 0)
(-1.44456 -1.10238 0)
(-1.63292 -1.37336 0)
(1.44584 1.10212 0)
(1.63533 1.37308 0)
(-1.85241 0.187512 0)
(-2.14374 0.245301 0)
(1.85307 -0.18818 0)
(2.14455 -0.244406 0)
(-3.44739 0.222789 0)
(-3.54044 -0.112446 0)
(-3.17691 0.0550746 0)
(3.18831 -0.0589874 0)
(3.43959 -0.216492 0)
(3.54226 0.105817 0)
(-0.178425 -0.571424 0)
(0.178432 0.571183 0)
(7.78579 -3.386 0)
(7.81488 -2.82644 0)
(7.4163 -3.30083 0)
(-7.79293 3.3807 0)
(-7.81974 2.82284 0)
(-7.42049 3.29773 0)
(1.47848 -0.773735 0)
(1.21495 -0.954155 0)
(1.49134 -0.990536 0)
(-1.47844 0.77337 0)
(-1.21489 0.953209 0)
(-1.49132 0.989955 0)
(-9.43105 -0.26473 0)
(-9.43105 0.290826 0)
(9.43065 0.262378 0)
(9.43065 -0.293178 0)
(7.64097 -4.43019 0)
(7.11466 -4.43019 0)
(-7.64421 4.42779 0)
(-7.11789 4.42779 0)
(-4.743 -3.66453 0)
(-4.65065 -4.13456 0)
(4.74549 3.65976 0)
(4.6501 4.13387 0)
(-3.91439 -0.283126 0)
(3.90263 0.296719 0)
(8.60947 1.03402 0)
(8.87384 1.5727 0)
(-8.60653 -1.02902 0)
(-8.87107 -1.56764 0)
(-7.95127 3.74666 0)
(-8.35052 3.27178 0)
(8.34698 -3.28066 0)
(7.94839 -3.75505 0)
(9.57055 2.85521 0)
(-9.57055 -2.85521 0)
(8.45045 4.60728 0)
(8.4315 4.06307 0)
(8.92842 4.45579 0)
(-8.45045 -4.60728 0)
(-8.43123 -4.06256 0)
(-8.92816 -4.45528 0)
(-0.227208 -1.84425 0)
(0.227213 1.84406 0)
(3.22744 -2.80751 0)
(3.05209 -2.47811 0)
(2.76542 -2.8805 0)
(-3.22752 2.80641 0)
(-3.05204 2.47735 0)
(-2.76679 2.87814 0)
(0.941374 -1.99514 0)
(-0.94142 1.99477 0)
(-0.70819 -0.656224 0)
(0.708187 0.655888 0)
(9.03234 -0.627471 0)
(-9.03272 0.625324 0)
(-0.124515 1.466 0)
(-0.0521246 1.13732 0)
(0.124637 -1.4705 0)
(0.0522906 -1.14344 0)
(8.03285 -1.57376 0)
(8.25487 -2.08697 0)
(-8.03238 1.57787 0)
(-8.25569 2.08715 0)
(-3.44366 0.964164 0)
(-3.46568 0.573889 0)
(-3.06184 0.780585 0)
(3.44327 -0.963606 0)
(3.46617 -0.568824 0)
(3.06273 -0.776078 0)
(4.23592 1.01502 0)
(4.09605 1.3887 0)
(-4.23936 -1.00238 0)
(-4.09986 -1.38443 0)
(0.332676 -0.843582 0)
(0.14386 -1.00323 0)
(-0.150545 0.996732 0)
(-0.339325 0.835767 0)
(-0.751653 -0.00580927 0)
(-0.876717 -0.224343 0)
(-0.625063 -0.218534 0)
(0.752866 0.0049397 0)
(0.877852 0.223533 0)
(0.624987 0.218594 0)
(9.00052 0.555897 0)
(-9.0004 -0.557496 0)
(3.35851 -1.38746 0)
(3.76196 -1.18021 0)
(-3.35851 1.38746 0)
(-3.76236 1.18077 0)
(-6.23898 0.508238 0)
(-6.61467 0.225726 0)
(6.24334 -0.51065 0)
(6.61124 -0.22508 0)
(4.55154 -1.15111 0)
(4.29215 -0.822652 0)
(4.1061 -1.08481 0)
(-4.55224 1.15184 0)
(-4.29282 0.823859 0)
(-4.10693 1.08545 0)
(0.860529 -0.52597 0)
(0.942453 -0.687532 0)
(1.12016 -0.575793 0)
(-0.861041 0.525483 0)
(-0.943058 0.686417 0)
(-1.11999 0.575691 0)
(5.01477 -2.91217 0)
(-5.05039 2.91731 0)
(-4.8217 0.225747 0)
(-5.04489 -0.123521 0)
(-4.69185 -0.216647 0)
(4.82835 -0.221679 0)
(5.04904 0.122739 0)
(4.69932 0.219773 0)
(-0.162438 3.20756 0)
(0.253896 3.19328 0)
(0.161402 -3.20928 0)
(-0.254384 -3.19428 0)
(-0.390469 4.60598 0)
(0.389379 -4.60776 0)
(0.437921 3.84924 0)
(-0.0906241 3.87715 0)
(-0.438636 -3.85041 0)
(0.0889828 -3.87983 0)
(4.02135 -1.50867 0)
(-4.02179 1.50875 0)
(-2.6805 3.65261 0)
(-2.58854 3.24436 0)
(-2.32678 3.68977 0)
(2.67524 -3.66135 0)
(2.58222 -3.25482 0)
(2.31669 -3.70627 0)
(-4.15808 0.445045 0)
(-4.60339 0.511436 0)
(4.16267 -0.440498 0)
(4.60811 -0.506798 0)
(2.16573 4.66533 0)
(2.00983 4.1884 0)
(2.47568 4.52307 0)
(-2.16573 -4.66533 0)
(-2.00705 -4.18877 0)
(-2.4729 -4.52344 0)
(9.60169 -0.889849 0)
(-9.60167 0.890054 0)
(-1.50544 1.61773 0)
(-1.48028 1.27948 0)
(1.50542 -1.61783 0)
(1.48029 -1.28017 0)
(-2.56066 -2.82321 0)
(-2.61717 -2.39301 0)
(2.56072 2.82331 0)
(2.61671 2.39392 0)
(1.01043 -0.872132 0)
(0.750805 -0.82231 0)
(-1.01032 0.868884 0)
(-0.75137 0.818676 0)
(-1.0232 1.08547 0)
(-0.729387 1.22975 0)
(1.0233 -1.08893 0)
(0.729529 -1.23498 0)
(-7.087 2.80559 0)
(-7.0602 3.36345 0)
(7.07684 -2.80502 0)
(7.04775 -3.36457 0)
(3.66231 2.30622 0)
(-3.67456 -2.30376 0)
(3.59566 -2.00459 0)
(3.97204 -2.25365 0)
(4.05359 -1.85312 0)
(-3.59499 2.00484 0)
(-3.96808 2.25327 0)
(-4.0503 1.85249 0)
(-6.43978 3.20468 0)
(-6.77327 3.69682 0)
(6.41011 -3.20221 0)
(6.74956 -3.69803 0)
(-3.82921 0.406368 0)
(3.82013 -0.40402 0)
(6.4227 3.66945 0)
(6.08526 3.30756 0)
(6.65733 3.36717 0)
(-6.42281 -3.66822 0)
(-6.08741 -3.30216 0)
(-6.65938 -3.363 0)
(-3.30092 3.21811 0)
(-3.58617 2.81732 0)
(3.29148 -3.20568 0)
(3.57815 -2.80329 0)
(3.49948 1.51939 0)
(-3.50948 -1.50611 0)
(-2.02169 2.34087 0)
(-1.81999 2.18249 0)
(-1.79913 2.56095 0)
(2.02157 -2.34107 0)
(1.81921 -2.18377 0)
(1.79847 -2.56203 0)
(6.20708 -3.92826 0)
(6.84472 -4.09062 0)
(-6.22336 3.92709 0)
(-6.84378 4.08586 0)
(-5.75566 1.05461 0)
(-5.33708 1.33923 0)
(5.76523 -1.05721 0)
(5.33267 -1.34035 0)
(-8.87227 -2.46342 0)
(-8.59162 -3.00403 0)
(8.87453 2.46773 0)
(8.59403 3.00863 0)
(7.02981 3.27747 0)
(7.5559 2.95525 0)
(7.52087 3.40684 0)
(-7.02709 -3.27229 0)
(-7.55077 -2.94548 0)
(-7.51845 -3.40224 0)
(1.71545 1.68215 0)
(1.43004 1.62952 0)
(-1.71147 -1.68129 0)
(-1.4261 -1.62842 0)
(-0.516075 -1.71269 0)
(0.51609 1.71241 0)
(-5.30986 -0.424716 0)
(-5.4397 0.0176783 0)
(5.31234 0.423853 0)
(5.44137 -0.0175984 0)
(-3.14774 3.63936 0)
(-2.88598 4.08477 0)
(3.1459 -3.64099 0)
(2.88037 -4.09243 0)
(1.1725 -2.24508 0)
(0.835789 -2.39394 0)
(-1.1725 2.24508 0)
(-0.835835 2.39356 0)
(-0.605772 0.142347 0)
(-0.857425 0.136538 0)
(0.605424 -0.139422 0)
(0.85829 -0.134483 0)
(3.26301 -1.74652 0)
(2.94431 -1.52991 0)
(-3.26301 1.74652 0)
(-2.94431 1.52991 0)
(2.19159 -0.541842 0)
(1.85131 -0.591228 0)
(-2.19159 0.541842 0)
(-1.85131 0.591228 0)
(-2.37372 -0.772806 0)
(-2.12154 -0.606842 0)
(-2.44158 -0.534901 0)
(2.3755 0.768349 0)
(2.1259 0.601747 0)
(2.44563 0.530582 0)
(2.71944 -2.22004 0)
(3.18146 -2.14705 0)
(-2.72006 2.21902 0)
(-3.18079 2.14729 0)
(-2.52764 -0.947658 0)
(-2.2076 -1.0196 0)
(2.52881 0.945153 0)
(2.20908 1.01632 0)
(-7.27373 -2.38228 0)
(-6.69136 -2.50859 0)
(-6.90567 -2.07533 0)
(6.89879 2.08187 0)
(7.26685 2.38858 0)
(6.69678 2.51917 0)
(6.57217 -4.66043 0)
(-6.56799 4.65806 0)
(4.39773 -1.75773 0)
(-4.39487 1.75718 0)
(-2.29607 2.6342 0)
(-2.31693 2.25575 0)
(2.29546 -2.63522 0)
(2.31619 -2.25696 0)
(-7.90019 4.10505 0)
(-8.45778 3.99613 0)
(7.89227 -4.11092 0)
(8.45346 -4.00559 0)
(-9.05403 2.16088 0)
(-9.31571 1.7051 0)
(9.05365 -2.16075 0)
(9.31572 -1.70489 0)
(4.24518 0.260241 0)
(4.13608 -0.0881664 0)
(-4.24326 -0.24445 0)
(-4.13979 0.0939455 0)
(-6.34794 0.87974 0)
(-6.61303 1.24741 0)
(6.35193 -0.879355 0)
(6.62141 -1.24903 0)
(-6.53773 -1.85006 0)
(6.54235 1.85953 0)
(4.46588 0.604659 0)
(-4.46645 -0.593719 0)
(1.63941 4.66533 0)
(-1.63941 -4.66533 0)
(-1.25133 -4.24367 0)
(-1.19087 -4.57834 0)
(1.19071 4.57807 0)
(1.25117 4.2434 0)
(6.64171 4.01546 0)
(6.06964 3.95586 0)
(-6.64171 -4.01546 0)
(-6.06974 -3.95462 0)
(-5.50724 4.56081 0)
(-4.98093 4.56081 0)
(5.49632 -4.56402 0)
(4.97001 -4.56402 0)
(-6.73657 1.64381 0)
(6.73564 -1.64637 0)
(8.00024 3.64959 0)
(-7.99783 -3.64499 0)
(-2.98186 -0.490513 0)
(2.99311 0.480253 0)
(8.14603 -4.68073 0)
(-8.15072 4.67726 0)
(3.51762 -4.53604 0)
(2.99131 -4.53604 0)
(-3.51872 4.53576 0)
(-2.9924 4.53576 0)
(2.85304 1.75987 0)
(2.65874 1.89319 0)
(2.60132 1.51105 0)
(-2.85349 -1.75928 0)
(-2.6591 -1.89246 0)
(-2.60107 -1.51131 0)
(-0.614885 0.996125 0)
(-0.525642 1.22473 0)
(0.518972 -1.23177 0)
(0.608229 -1.0037 0)
(0.306103 -1.14071 0)
(0.427403 -1.37199 0)
(-0.31272 1.13169 0)
(-0.427222 1.36531 0)
(-9.56935 -0.848322 0)
(9.56986 0.849074 0)
(-9.57633 3.47538 0)
(-9.16722 3.61002 0)
(-9.59089 4.02352 0)
(9.5768 -3.47748 0)
(9.16603 -3.61747 0)
(9.58923 -4.02889 0)
(-1.59912 0.177041 0)
(-1.56451 -0.065029 0)
(1.5999 -0.177792 0)
(1.56602 0.0621623 0)
(2.52064 -4.5564 0)
(-2.52516 4.54901 0)
(-7.07551 0.0158907 0)
(7.07508 -0.0184666 0)
(-5.58515 -3.14699 0)
(-5.52099 -3.48812 0)
(-5.2553 -3.02773 0)
(5.58408 3.15513 0)
(5.5276 3.48035 0)
(5.26104 3.02563 0)
(-6.56538 -4.65093 0)
(6.56538 4.65093 0)
(0.988905 0.457763 0)
(1.11678 0.244109 0)
(-1.11828 -0.241332 0)
(-0.991687 -0.454057 0)
(0.732098 -2.75915 0)
(0.630126 -3.1943 0)
(0.964942 -3.07903 0)
(-0.732582 2.75833 0)
(-0.634483 3.18715 0)
(-0.968814 3.07269 0)
(0.500973 -2.50921 0)
(-0.501504 2.50802 0)
(-5.82172 -2.84177 0)
(5.8187 2.85285 0)
(-3.35683 -4.66906 0)
(-3.32069 -4.13432 0)
(-3.64806 -4.46526 0)
(3.64851 4.46466 0)
(3.35689 4.66898 0)
(3.32119 4.13365 0)
(-2.26755 -1.86292 0)
(-2.51997 -2.11088 0)
(2.26772 1.86285 0)
(2.51944 2.11168 0)
(4.51937 1.74481 0)
(4.85546 1.62898 0)
(4.91473 1.98888 0)
(-4.51792 -1.74566 0)
(-4.85242 -1.63455 0)
(-4.90947 -1.99698 0)
(5.2268 1.56242 0)
(4.83145 1.31835 0)
(-5.2272 -1.56784 0)
(-4.83565 -1.31653 0)
(-3.98024 -4.63834 0)
(3.98071 4.63771 0)
(-4.88093 -4.49622 0)
(-5.3044 -4.16692 0)
(-5.16031 -4.6707 0)
(4.87992 4.49616 0)
(5.30324 4.16702 0)
(5.16016 4.67086 0)
(-5.75944 4.21887 0)
(5.75271 -4.22444 0)
(6.02156 0.874048 0)
(5.6859 0.590147 0)
(-6.02357 -0.866995 0)
(-5.68596 -0.589018 0)
(-1.15992 -0.658561 0)
(-0.918356 -0.641573 0)
(1.15782 0.660692 0)
(0.918887 0.640116 0)
(0.874541 -0.346538 0)
(-0.874759 0.349726 0)
(2.73763 -0.941102 0)
(-2.73763 0.941102 0)
(-9.26876 -1.63248 0)
(-9.00112 -2.05903 0)
(9.26957 1.63381 0)
(9.00369 2.06392 0)
(-2.44568 1.92569 0)
(2.44555 -1.92589 0)
(2.22568 2.36358 0)
(-2.22562 -2.36347 0)
(-4.68796 -0.974579 0)
(4.69006 0.974548 0)
(-6.04167 4.65806 0)
(6.04586 -4.66043 0)
(0.394247 -3.52916 0)
(-0.39867 3.52193 0)
(-9.69941 -1.89527 0)
(-9.56935 -1.40388 0)
(9.69971 1.89584 0)
(9.56986 1.40463 0)
(-5.68662 -4.6707 0)
(5.68647 4.67086 0)
(-2.57849 -1.28629 0)
(2.579 1.28542 0)
(1.20325 -3.30782 0)
(1.30522 -2.87267 0)
(-1.21207 3.2934 0)
(-1.31017 2.86458 0)
(0.807859 1.03325 0)
(0.74617 1.29417 0)
(-0.807785 -1.03364 0)
(-0.746156 -1.29444 0)
(4.2325 -4.02191 0)
(4.71246 -4.25743 0)
(4.72322 -3.89251 0)
(-4.24453 4.02076 0)
(-4.727 4.2527 0)
(-4.74254 3.88968 0)
(-0.876419 -0.860728 0)
(0.8771 0.858817 0)
(-7.34862 -0.330734 0)
(7.35729 0.33324 0)
(-1.37173 -2.85719 0)
(-1.04425 -2.67864 0)
(1.37273 2.8572 0)
(1.04553 2.67865 0)
(-2.02335 -1.75379 0)
(2.02458 1.75353 0)
(-9.57633 2.91983 0)
(9.5768 -2.92192 0)
(4.989 -1.31486 0)
(4.80294 -1.57702 0)
(-4.99582 1.31673 0)
(-4.80993 1.57832 0)
(1.6602 -1.90455 0)
(1.88754 -1.6761 0)
(-1.66032 1.90435 0)
(-1.88767 1.67579 0)
(6.89663 -2.50465 0)
(6.70947 -2.05485 0)
(6.52114 -2.41896 0)
(-6.90583 2.50592 0)
(-6.71136 2.05365 0)
(-6.53224 2.41904 0)
(6.3243 2.60887 0)
(-6.32364 -2.59929 0)
(2.68232 -1.24328 0)
(2.58681 -1.60233 0)
(-2.68232 1.24328 0)
(-2.58681 1.60233 0)
(6.25749 -2.78518 0)
(-6.27632 2.77476 0)
(-1.99459 -2.68389 0)
(1.99566 2.684 0)
(-5.06274 -0.907864 0)
(5.0614 0.907995 0)
(-0.763362 -1.5501 0)
(-0.736442 -1.86583 0)
(0.763958 1.54993 0)
(0.737025 1.8659 0)
(8.47822 3.4981 0)
(-8.47554 -3.49299 0)
(1.33151 -2.5243 0)
(1.43709 -2.12551 0)
(-1.33217 2.52322 0)
(-1.43775 2.12443 0)
(4.47929 -4.69342 0)
(-4.48292 4.69189 0)
(5.08127 -0.914444 0)
(-5.07939 0.912754 0)
(-9.59089 4.57908 0)
(9.58923 -4.58444 0)
(-9.06457 4.57908 0)
(9.06291 -4.58444 0)
(2.18356 -1.63926 0)
(-2.18368 1.63906 0)
(1.24753 1.82101 0)
(1.16741 1.51194 0)
(-1.24419 -1.8198 0)
(-1.16564 -1.51186 0)
(-8.84532 3.89795 0)
(-8.83076 3.34981 0)
(8.84402 -3.9093 0)
(8.83159 -3.35789 0)
(4.14562 1.69654 0)
(3.78157 1.70033 0)
(-4.14746 -1.69426 0)
(-3.78645 -1.69545 0)
(-3.00237 -0.226466 0)
(3.01599 0.224068 0)
(-7.48338 1.67952 0)
(7.4839 -1.68083 0)
(1.82605 3.4429 0)
(2.2487 3.67736 0)
(1.89714 3.81167 0)
(-1.89452 -3.81182 0)
(-1.82622 -3.44268 0)
(-2.24592 -3.67774 0)
(4.36413 -2.47306 0)
(3.9062 -2.62453 0)
(-4.36084 2.47243 0)
(-3.90554 2.62478 0)
(-6.69169 -2.90624 0)
(6.69236 2.91558 0)
(-0.997566 -2.03415 0)
(0.999435 2.03425 0)
(3.49661 -3.63677 0)
(-3.5064 3.65027 0)
(4.83628 3.33904 0)
(-4.82605 -3.35274 0)
(2.84891 3.33062 0)
(2.53847 3.48451 0)
(2.48806 3.1547 0)
(-2.84854 -3.33074 0)
(-2.53811 -3.48463 0)
(-2.48806 -3.1547 0)
(-3.97893 3.03648 0)
(3.97024 -3.0227 0)
(-0.967719 3.89049 0)
(-1.26704 3.66278 0)
(1.26564 -3.68533 0)
(0.95791 -3.90653 0)
(2.71811 0.440999 0)
(-2.71427 -0.436818 0)
(-7.11016 1.7307 0)
(7.11112 -1.73206 0)
(4.6413 -3.4627 0)
(-4.66642 3.46311 0)
(3.79715 -3.86453 0)
(3.78639 -4.22946 0)
(-3.80664 3.86463 0)
(-3.79111 4.22765 0)
(0.557707 -3.86485 0)
(-0.562669 3.85673 0)
(3.94273 -3.42922 0)
(-3.95982 3.44338 0)
(1.56981 -2.7531 0)
(-1.57542 2.74393 0)
(-2.46209 -0.270855 0)
(2.46851 0.274397 0)
(-1.60839 3.45466 0)
(1.60591 -3.47897 0)
(0.310616 -0.520114 0)
(0.475251 -0.662192 0)
(0.518188 -0.495631 0)
(-0.310532 0.516991 0)
(-0.475809 0.658319 0)
(-0.518831 0.494881 0)
(0.789583 -4.64944 0)
(-0.79552 4.63973 0)
(1.58718 3.95393 0)
(-1.58735 -3.95371 0)
(9.60169 -1.4454 0)
(-9.60167 1.44561 0)
(1.60809 0.666034 0)
(1.38479 0.681064 0)
(1.45113 0.463308 0)
(-1.60714 -0.668419 0)
(-1.3874 -0.677656 0)
(-1.45298 -0.461808 0)
(-5.58324 -1.3554 0)
(5.58032 1.36473 0)
(2.60955 3.85328 0)
(-2.60641 -3.85377 0)
(-1.57059 -3.14947 0)
(-1.27596 -3.28449 0)
(1.57143 3.1497 0)
(1.27579 3.28471 0)
(3.95298 -4.69342 0)
(-3.9566 4.69189 0)
(1.30073 0.303342 0)
(-1.30259 -0.301893 0)
(0.967105 1.44767 0)
(-0.966523 -1.44758 0)
(-6.03906 -4.65093 0)
(6.03906 4.65093 0)
(5.29357 0.730484 0)
(5.43496 1.07429 0)
(-5.29115 -0.730218 0)
(-5.43884 -1.07217 0)
(-5.10807 -3.68065 0)
(5.11378 3.67158 0)
(4.20489 2.05644 0)
(-4.20451 -2.05668 0)
(1.52403 0.288311 0)
(-1.52232 -0.292657 0)
(-0.755691 -2.91832 0)
(0.755754 2.91822 0)
(-1.8632 -0.648659 0)
(1.8651 0.643895 0)
(-9.71404 1.92616 0)
(9.71404 -1.92616 0)
(1.21886 1.08175 0)
(1.31478 0.863418 0)
(-1.21707 -1.08328 0)
(-1.31407 -0.865172 0)
(2.83057 4.66898 0)
(-2.83052 -4.66906 0)
(-9.18554 -4.17678 0)
(-9.20475 -4.7215 0)
(9.18581 4.17729 0)
(9.20475 4.7215 0)
(-0.532549 0.319124 0)
(0.532201 -0.316199 0)
(8.00745 -2.47485 0)
(7.63795 -2.38968 0)
(-8.01179 2.472 0)
(-7.63934 2.38903 0)
(-0.697827 0.460452 0)
(0.696836 -0.458277 0)
(-2.1399 -1.31035 0)
(2.14156 1.30942 0)
(-4.50656 -4.63834 0)
(4.50703 4.63771 0)
(1.14962 1.25618 0)
(-1.14844 -1.2562 0)
(1.13848 3.86668 0)
(-1.13881 -3.86673 0)
(1.77218 -2.9104 0)
(-1.77713 2.90231 0)
(-9.73107 -4.16594 0)
(9.73107 4.16594 0)
(-1.92199 -3.01538 0)
(1.923 3.01539 0)
(1.8836 -3.2006 0)
(2.11226 -3.00954 0)
(-1.89412 3.18341 0)
(-2.11783 3.00043 0)
(1.01856 1.01748 0)
(-1.01795 -1.01899 0)
(9.73107 4.7215 0)
(-9.73107 -4.7215 0)
(8.43181 -2.52373 0)
(-8.43609 2.52097 0)
(-5.43793 -3.79991 0)
(5.43681 3.80108 0)
(-6.16797 -1.15023 0)
(-6.56602 -1.16898 0)
(-6.3541 -1.47973 0)
(6.16693 1.16449 0)
(6.56599 1.17896 0)
(6.35692 1.49212 0)
(-2.67184 -4.1925 0)
(2.67468 4.19205 0)
(0.652646 -4.2572 0)
(-0.659673 4.24571 0)
(-8.67703 4.67726 0)
(8.67235 -4.68073 0)
(0.540248 -0.819099 0)
(-0.547625 0.813658 0)
(9.71404 -2.48171 0)
(-9.71404 2.48171 0)
(-4.68553 3.0562 0)
(-4.66315 2.70505 0)
(4.66882 -3.05618 0)
(4.64425 -2.69994 0)
(9.69971 2.4514 0)
(-9.69941 -2.45082 0)
(-6.89723 -0.480691 0)
(6.90634 0.485773 0)
(-5.98172 0.802461 0)
(-5.6467 0.683108 0)
(5.99692 -0.805778 0)
(5.65663 -0.688504 0)
(0.417467 3.49893 0)
(0.782014 3.80583 0)
(-0.418092 -3.49995 0)
(-0.78225 -3.80622 0)
(-1.94909 3.55279 0)
(1.94599 -3.57811 0)
(5.71705 3.97578 0)
(-5.71731 -3.97439 0)
(-1.69445 0.361869 0)
(1.69457 -0.361952 0)
(-4.27918 3.25085 0)
(4.27078 -3.25046 0)
(1.11802 3.51636 0)
(-1.11826 -3.51626 0)
(-6.77512 -0.833393 0)
(6.78228 0.844399 0)
(0.597988 3.14986 0)
(-0.597999 -3.15008 0)
(-2.25022 -2.9771 0)
(2.25028 2.97721 0)
(-2.41306 2.9153 0)
(2.40688 -2.92542 0)
(7.26517 -2.44091 0)
(-7.26612 2.4402 0)
(-5.52375 0.374916 0)
(5.5332 -0.377892 0)
(-8.67242 2.98385 0)
(8.66899 -2.98884 0)
(-8.91633 2.599 0)
(8.91642 -2.60096 0)
(1.59813 -0.58084 0)
(-1.59802 0.580758 0)
(-4.72569 2.33354 0)
(4.71009 -2.32905 0)
(-4.83844 1.92207 0)
(4.83518 -1.92148 0)
(-5.81164 -1.17775 0)
(5.81249 1.18722 0)
(7.45773 -2.08931 0)
(-7.45817 2.08936 0)
(-0.919399 -3.22399 0)
(0.919325 3.22387 0)
(-2.16248 -1.53536 0)
(2.16388 1.53504 0)
(-5.93621 -4.32164 0)
(5.93606 4.32179 0)
(-9.26996 -2.52825 0)
(9.27026 2.52883 0)
(-8.79424 4.25634 0)
(8.78789 -4.26517 0)
(-4.95643 0.604561 0)
(4.95783 -0.603832 0)
(9.29083 -2.62585 0)
(-9.29037 2.62376 0)
(-4.01843 -2.32568 0)
(4.02118 2.32895 0)
(-2.96402 -3.99939 0)
(2.96445 3.9992 0)
(1.32174 -0.544459 0)
(-1.32159 0.544011 0)
(-5.2977 0.627065 0)
(5.30151 -0.629325 0)
(3.20049 3.43012 0)
(-3.20585 -3.42979 0)
(-3.25526 -3.79559 0)
(3.25606 3.79488 0)
(-2.38409 -1.41947 0)
(2.38471 1.41874 0)
(-8.94737 -5 0.5)
(-9.47368 -5 0.5)
(-7.89474 -5 0.5)
(-8.42105 -5 0.5)
(-6.84211 -5 0.5)
(-7.36842 -5 0.5)
(-5.78947 -5 0.5)
(-6.31579 -5 0.5)
(-4.73684 -5 0.5)
(-5.26316 -5 0.5)
(-3.68421 -5 0.5)
(-4.21053 -5 0.5)
(-2.63158 -5 0.5)
(-3.15789 -5 0.5)
(-1.57895 -5 0.5)
(-2.10526 -5 0.5)
(-0.526316 -5 0.5)
(-1.05263 -5 0.5)
(0.526316 -5 0.5)
(-1.37899e-11 -5 0.5)
(1.57895 -5 0.5)
(1.05263 -5 0.5)
(2.63158 -5 0.5)
(2.10526 -5 0.5)
(3.68421 -5 0.5)
(3.15789 -5 0.5)
(4.73684 -5 0.5)
(4.21053 -5 0.5)
(5.78947 -5 0.5)
(5.26316 -5 0.5)
(6.84211 -5 0.5)
(6.31579 -5 0.5)
(7.89474 -5 0.5)
(7.36842 -5 0.5)
(8.94737 -5 0.5)
(8.42105 -5 0.5)
(9.47368 -5 0.5)
(10 -3.88889 0.5)
(10 -4.44444 0.5)
(10 -2.77778 0.5)
(10 -3.33333 0.5)
(10 -1.66667 0.5)
(10 -2.22222 0.5)
(10 -0.555556 0.5)
(10 -1.11111 0.5)
(10 0.555556 0.5)
(10 -7.60192e-12 0.5)
(10 1.66667 0.5)
(10 1.11111 0.5)
(10 2.77778 0.5)
(10 2.22222 0.5)
(10 3.88889 0.5)
(10 3.33333 0.5)
(10 4.44444 0.5)
(8.94737 5 0.5)
(9.47368 5 0.5)
(7.89474 5 0.5)
(8.42105 5 0.5)
(6.84211 5 0.5)
(7.36842 5 0.5)
(5.78947 5 0.5)
(6.31579 5 0.5)
(4.73684 5 0.5)
(5.26316 5 0.5)
(3.68421 5 0.5)
(4.21053 5 0.5)
(2.63158 5 0.5)
(3.15789 5 0.5)
(1.57895 5 0.5)
(2.10526 5 0.5)
(0.526316 5 0.5)
(1.05263 5 0.5)
(-0.526316 5 0.5)
(1.37899e-11 5 0.5)
(-1.57895 5 0.5)
(-1.05263 5 0.5)
(-2.63158 5 0.5)
(-2.10526 5 0.5)
(-3.68421 5 0.5)
(-3.15789 5 0.5)
(-4.73684 5 0.5)
(-4.21053 5 0.5)
(-5.78947 5 0.5)
(-5.26316 5 0.5)
(-6.84211 5 0.5)
(-6.31579 5 0.5)
(-7.89474 5 0.5)
(-7.36842 5 0.5)
(-8.94737 5 0.5)
(-8.42105 5 0.5)
(-9.47368 5 0.5)
(-10 3.88889 0.5)
(-10 4.44444 0.5)
(-10 2.77778 0.5)
(-10 3.33333 0.5)
(-10 1.66667 0.5)
(-10 2.22222 0.5)
(-10 0.555556 0.5)
(-10 1.11111 0.5)
(-10 -0.555556 0.5)
(-10 7.60192e-12 0.5)
(-10 -1.66667 0.5)
(-10 -1.11111 0.5)
(-10 -2.77778 0.5)
(-10 -2.22222 0.5)
(-10 -3.88889 0.5)
(-10 -3.33333 0.5)
(-10 -4.44444 0.5)
(-0.353553 0.353553 0.5)
(-0.191342 0.46194 0.5)
(-0.46194 0.191342 0.5)
(0.353553 0.353553 0.5)
(0.46194 0.191342 0.5)
(0.191342 0.46194 0.5)
(0.353553 -0.353553 0.5)
(0.191342 -0.46194 0.5)
(0.46194 -0.191342 0.5)
(-0.353553 -0.353553 0.5)
(-0.46194 -0.191342 0.5)
(-0.191342 -0.46194 0.5)
(-3.73885 -1.38562 1)
(3.732 1.39249 1)
(3.03982 -1.17086 1)
(-3.03982 1.17086 1)
(1.06691 -2.64387 1)
(-1.06691 2.64387 1)
(-1.0114 -2.36505 1)
(1.01398 2.36507 1)
(-6.60521 0.585518 1)
(6.59835 -0.584227 1)
(2.05577 0.839514 1)
(-2.05368 -0.844747 1)
(-6.3233 -2.20164 1)
(6.32871 2.21247 1)
(1.75487 -0.810117 1)
(-1.75487 0.810117 1)
(4.9902 -2.55593 1)
(-5.028 2.56617 1)
(0.640271 -1.46305 1)
(-0.640144 1.45835 1)
(7.44539 -2.74128 1)
(-7.44729 2.73987 1)
(-4.46866 0.132622 1)
(4.47863 -0.124644 1)
(-2.7985 -3.00081 1)
(2.7985 3.00081 1)
(-2.94227 3.2072 1)
(2.94077 -3.2099 1)
(-0.542994 -1.39696 1)
(0.543023 1.39643 1)
(-4.46098 -3.33661 1)
(4.46799 3.32722 1)
(-8.07436 -0.91696 1)
(8.07921 0.925443 1)
(1.22784 0.478339 1)
(-1.23325 -0.471045 1)
(-3.26996 -0.280161 1)
(3.29098 0.263322 1)
(-8.04213 -3.07543 1)
(8.04696 3.08462 1)
(-0.074477 -3.54414 1)
(0.0733744 3.54234 1)
(-5.21043 -1.24981 1)
(5.20279 1.2518 1)
(-8.23337 1.11755 1)
(8.23519 -1.10943 1)
(-2.12842 -2.08134 1)
(2.12842 2.08134 1)
(-2.04255 1.96242 1)
(2.04231 -1.96282 1)
(-1.47482 -3.57677 1)
(1.47449 3.57721 1)
(1.03823 -0.414232 1)
(-1.03797 0.414758 1)
(0.0511299 -2.35631 1)
(-0.0511285 2.35626 1)
(4.36549 -1.41327 1)
(-4.36636 1.41343 1)
(-1.34755 -1.32048 1)
(1.34992 1.32045 1)
(-6.3799 -0.839471 1)
(6.376 0.851319 1)
(-2.33973 0.118261 1)
(2.34136 -0.116473 1)
(6.11192 -3.53567 1)
(-6.15285 3.53806 1)
(-5.85084 -3.60738 1)
(5.85063 3.60984 1)
(4.24326 -3.65698 1)
(-4.26007 3.65775 1)
(-1.66336 3.82404 1)
(1.6683 -3.85648 1)
(6.33398 -1.96917 1)
(-6.33776 1.96677 1)
(2.79562 1.37773 1)
(-2.79546 -1.37813 1)
(-8.50886 3.63774 1)
(8.50958 -3.64972 1)
(0.397673 -1.00049 1)
(-0.41114 0.991106 1)
(1.7584 -0.00402016 1)
(-1.75708 0.00268396 1)
(-5.42065 0.935258 1)
(5.42494 -0.939937 1)
(-3.51506 -2.60224 1)
(3.49348 2.60427 1)
(3.51411 -2.40513 1)
(-3.51278 2.40562 1)
(-4.01786 -0.621522 1)
(4.01173 0.645127 1)
(4.57864 2.10471 1)
(-4.57497 -2.10809 1)
(8.67924 -2.13585 1)
(-8.68 2.13612 1)
(-0.666253 -0.875379 1)
(0.666401 0.874588 1)
(1.22781 -1.17096 1)
(-1.22778 1.16979 1)
(-3.8475 0.757467 1)
(3.84671 -0.756352 1)
(-3.61192 -3.93051 1)
(3.6128 3.92933 1)
(-8.60343 -1.9942 1)
(8.60796 2.00282 1)
(5.70467 0.283516 1)
(-5.70467 -0.283516 1)
(-8.8621 0.0260962 1)
(8.86131 -0.0308 1)
(6.99477 3.72906 1)
(-6.99477 -3.72906 1)
(-0.109953 -1.00596 1)
(0.03474 -1.66007 1)
(0.11005 1.00236 1)
(-0.0347307 1.65973 1)
(-2.00084 2.71933 1)
(2.00084 -2.71933 1)
(-7.48804 -1.94902 1)
(7.46887 1.95128 1)
(-7.39368 3.85558 1)
(7.38721 -3.86039 1)
(1.27808 -1.84628 1)
(-1.27808 1.84628 1)
(-7.52689 0.165848 1)
(7.52603 -0.171 1)
(-1.66636 -2.72217 1)
(1.66838 2.72218 1)
(2.43544 -0.711343 1)
(-2.43544 0.711343 1)
(-2.69376 -0.700864 1)
(2.69523 0.697184 1)
(1.00573 0.0098794 1)
(-1.00331 -0.0116185 1)
(5.31752 2.70041 1)
(-5.31946 -2.6866 1)
(0.86297 -3.51418 1)
(-0.870715 3.50152 1)
(-2.91152 -2.14042 1)
(2.91046 2.14202 1)
(-7.13538 1.32086 1)
(7.1373 -1.32358 1)
(2.31978 4.04614 1)
(-2.31422 -4.04688 1)
(5.20318 -4.12803 1)
(-5.22501 4.12162 1)
(-8.90894 -3.91056 1)
(8.90948 3.91158 1)
(-3.35322 4.07152 1)
(3.35104 -4.07208 1)
(-0.434291 -2.84442 1)
(0.434417 2.84421 1)
(-3.32596 -0.951745 1)
(3.31994 0.975138 1)
(-1.91829 -1.42624 1)
(1.92074 1.42571 1)
(-5.02502 -3.99244 1)
(5.02299 3.99231 1)
(-1.50466 -1.93635 1)
(1.51016 1.93859 1)
(-0.489155 -2.02842 1)
(0.489156 2.02838 1)
(2.8488 -1.88897 1)
(-2.8488 1.88897 1)
(1.67443 0.448277 1)
(-1.67271 -0.452571 1)
(0.682823 -0.637709 1)
(-0.684109 0.636209 1)
(1.73276 -1.38938 1)
(-1.73279 1.38917 1)
(0.604664 -2.144 1)
(-0.604757 2.14326 1)
(4.4601 1.3849 1)
(-4.46087 -1.38324 1)
(-0.750127 -0.437068 1)
(0.749974 0.437187 1)
(-3.08386 0.39031 1)
(3.08563 -0.381296 1)
(0.802468 4.15615 1)
(-0.802794 -4.15668 1)
(-7.05941 -2.81553 1)
(7.06484 2.82588 1)
(-4.91505 -0.565916 1)
(4.92002 0.564191 1)
(0.984893 1.70343 1)
(-0.983729 -1.70324 1)
(-9.1387 -1.14109 1)
(9.13973 1.14259 1)
(-4.29829 2.84394 1)
(4.29829 -2.84394 1)
(5.2404 -1.74077 1)
(-5.25351 1.74321 1)
(-9.1411 -2.93264 1)
(9.1411 2.93264 1)
(-5.95604 -1.46098 1)
(5.95786 1.47765 1)
(5.80668 -2.70161 1)
(-5.82593 2.67822 1)
(0.397282 -2.87442 1)
(-0.39825 2.87278 1)
(-9.20335 1.22455 1)
(9.20338 -1.22414 1)
(1.54175 0.88379 1)
(-1.54156 -0.884267 1)
(-3.81092 0.0552687 1)
(3.79354 -0.0516886 1)
(2.32482 -1.3157 1)
(-2.32482 1.3157 1)
(-1.06472 4.27947 1)
(1.05285 -4.29888 1)
(7.95352 4.21456 1)
(-7.95352 -4.21456 1)
(7.83051 -2.03809 1)
(-7.83139 2.03819 1)
(0.356863 0.642367 1)
(-0.35685 -0.642848 1)
(1.59611 -2.40473 1)
(-1.59742 2.40257 1)
(0.252443 -4.21552 1)
(-0.254623 4.21195 1)
(-2.41874 4.09802 1)
(2.4097 -4.11279 1)
(-0.711544 0.284694 1)
(0.710848 -0.278845 1)
(-1.07709 -2.99222 1)
(1.07709 2.99222 1)
(-6.75215 -1.49848 1)
(6.75599 1.5066 1)
(0.949317 1.19191 1)
(-0.949317 -1.19191 1)
(6.28865 4.30187 1)
(-6.28865 -4.30187 1)
(3.67721 -1.60406 1)
(-3.67721 1.60406 1)
(4.27721 4.27542 1)
(-4.27627 -4.27667 1)
(4.7376 -0.888951 1)
(-4.73813 0.89025 1)
(-2.1894 -0.368938 1)
(2.19603 0.36398 1)
(-6.62412 -0.134066 1)
(6.62412 0.134066 1)
(-1.94774 0.37234 1)
(1.94774 -0.37234 1)
(0.818786 -1.00691 1)
(-0.81863 1.00114 1)
(-2.17762 -3.30859 1)
(2.17762 3.30859 1)
(-6.09067 1.17396 1)
(6.10552 -1.17448 1)
(9.17845 -4.16888 1)
(-9.18178 4.15816 1)
(-9.15267 3.06188 1)
(9.1536 -3.06606 1)
(2.32295 2.64582 1)
(-2.32282 -2.6456 1)
(-0.214299 1.27228 1)
(0.214534 -1.28093 1)
(5.03934 -3.26842 1)
(-5.07278 3.26846 1)
(-5.87276 0.430959 1)
(5.88833 -0.437072 1)
(0.761559 3.45551 1)
(-0.761706 -3.45575 1)
(-6.29388 4.31613 1)
(6.30224 -4.32085 1)
(-3.02945 -4.33812 1)
(3.02957 4.33797 1)
(-1.55342 3.08528 1)
(1.54352 -3.10146 1)
(-6.72671 2.87131 1)
(6.7083 -2.86875 1)
(3.64219 -3.20146 1)
(-3.65957 3.22902 1)
(3.50166 3.19982 1)
(-3.5131 -3.19892 1)
(0.267679 -0.686676 1)
(-0.26751 0.680428 1)
(-4.42338 2.10092 1)
(4.42997 -2.10218 1)
(5.25082 1.87305 1)
(-5.24397 -1.88586 1)
(-8.4067 4.35452 1)
(8.39733 -4.36146 1)
(8.18438 -2.91161 1)
(-8.19218 2.90582 1)
(-5.19113 -3.36886 1)
(5.20456 3.35085 1)
(7.08495 -2.14054 1)
(-7.08495 2.14054 1)
(2.36238 1.19312 1)
(-2.36151 -1.19445 1)
(3.83114 2.00817 1)
(-3.83405 -2.00527 1)
(-7.17034 -0.827315 1)
(7.18855 0.83748 1)
(1.69987 4.33065 1)
(-1.69987 -4.33065 1)
(6.31988 3.00528 1)
(-6.32398 -2.99695 1)
(1.44139 -0.351564 1)
(-1.44116 0.351399 1)
(4.22174 -4.38684 1)
(-4.229 4.38378 1)
(-1.08659 -0.846077 1)
(1.0878 0.843045 1)
(2.741 0.184815 1)
(-2.73477 -0.172772 1)
(-3.28011 -1.62661 1)
(3.26697 1.6463 1)
(1.37363 0.128345 1)
(-1.37193 -0.132742 1)
(-2.23482 3.28153 1)
(2.22368 -3.29974 1)
(-2.40668 -1.64449 1)
(2.40703 1.64437 1)
(-2.59131 2.54908 1)
(2.59007 -2.5511 1)
(-1.20201 0.736624 1)
(1.20208 -0.737354 1)
(9.39942 2.12502 1)
(-9.39881 -2.12387 1)
(-9.46214 -4.44299 1)
(9.46214 4.44299 1)
(-5.66724 -0.89452 1)
(5.66713 0.896778 1)
(-9.42807 2.18565 1)
(9.42807 -2.18565 1)
(-4.20281 -2.64608 1)
(4.21121 2.64973 1)
(-5.17474 0.318873 1)
(5.17807 -0.318713 1)
(5.58348 4.34172 1)
(-5.58377 -4.34141 1)
(-2.89859 -3.66066 1)
(2.89932 3.66043 1)
(7.47415 3.97181 1)
(7.39781 4.60728 1)
(6.91844 4.36453 1)
(-6.91844 -4.36453 1)
(-7.47415 -3.97181 1)
(-7.39781 -4.60728 1)
(0.319702 -1.90204 1)
(0.622468 -1.80353 1)
(0.337506 -1.56156 1)
(-0.319744 1.90149 1)
(-0.62245 1.8008 1)
(-0.337437 1.55904 1)
(8.47026 0.447321 1)
(7.80262 0.377222 1)
(8.19367 -0.1009 1)
(-8.46823 -0.445432 1)
(-7.80063 -0.375556 1)
(-8.1945 0.095972 1)
(-7.88013 0.6417 1)
(-8.54773 0.571824 1)
(8.54825 -0.570113 1)
(7.88061 -0.640213 1)
(-2.85501 -2.57062 1)
(-3.21329 -2.37133 1)
(-3.15678 -2.80153 1)
(2.85448 2.57141 1)
(3.20197 2.37314 1)
(3.14599 2.80254 1)
(7.92413 4.60728 1)
(-7.92413 -4.60728 1)
(-0.219013 -2.19236 1)
(-0.461723 -2.43642 1)
(-0.19158 -2.60036 1)
(0.219014 2.19232 1)
(0.461787 2.4363 1)
(0.191644 2.60024 1)
(-1.74383 1.09964 1)
(-2.0288 1.35244 1)
(-2.03984 1.06291 1)
(1.74382 -1.09975 1)
(2.02879 -1.35254 1)
(2.03984 -1.06291 1)
(-5.53972 2.21071 1)
(-6.08185 2.32249 1)
(-5.79563 1.85499 1)
(5.52354 -2.22119 1)
(6.07033 -2.33539 1)
(5.78719 -1.85497 1)
(-6.1644 -0.208791 1)
(-5.78871 0.0737213 1)
(-6.24844 0.148446 1)
(6.1644 0.208791 1)
(5.7965 -0.0767778 1)
(6.25623 -0.151503 1)
(5.42301 -2.98502 1)
(5.57563 -3.40205 1)
(5.9593 -3.11864 1)
(-5.98939 3.10814 1)
(-5.44936 2.97334 1)
(-5.61281 3.40326 1)
(-0.959114 1.65232 1)
(-1.25293 1.50804 1)
(-0.933961 1.31407 1)
(0.959177 -1.65467 1)
(1.25295 -1.50862 1)
(0.93404 -1.317 1)
(-0.722847 -2.60473 1)
(-0.750279 -2.19674 1)
(0.724197 2.60464 1)
(0.751566 2.19673 1)
(8.03841 1.97705 1)
(7.77404 1.43836 1)
(8.34358 1.46413 1)
(-8.04574 -1.97161 1)
(-7.7812 -1.43299 1)
(-8.33889 -1.45558 1)
(0.604712 1.13551 1)
(0.326537 1.1994 1)
(0.388225 0.938473 1)
(-0.604624 -1.13617 1)
(-0.326474 -1.20146 1)
(-0.388103 -0.94067 1)
(-2.09515 0.76073 1)
(-2.38013 1.01352 1)
(2.09515 -0.76073 1)
(2.38013 -1.01352 1)
(-7.06605 0.375683 1)
(-6.8703 0.95319 1)
(-7.33114 0.743355 1)
(7.06219 -0.377613 1)
(6.86782 -0.953902 1)
(7.33166 -0.747288 1)
(-8.32278 -2.53481 1)
(-7.76509 -2.51222 1)
(8.32746 2.54372 1)
(7.75791 2.51795 1)
(0.233457 0.822362 1)
(0.511632 0.758478 1)
(-0.233401 -0.824405 1)
(-0.511552 -0.759113 1)
(-2.75965 0.550827 1)
(-2.71179 0.254286 1)
(-2.38758 0.414802 1)
(2.76054 -0.54632 1)
(2.71349 -0.248885 1)
(2.3884 -0.413908 1)
(-4.03645 -3.63356 1)
(-3.56251 -3.56472 1)
(-3.98704 -3.26777 1)
(4.0404 3.62827 1)
(3.55723 3.56457 1)
(3.98482 3.26352 1)
(1.02198 -0.202176 1)
(1.23981 -0.382898 1)
(1.22356 -0.170842 1)
(-1.02064 0.201569 1)
(-1.23957 0.383078 1)
(-1.22223 0.16989 1)
(-3.85796 -2.9225 1)
(-4.33189 -2.99135 1)
(3.85644 2.92478 1)
(4.3396 2.98848 1)
(-5.14075 2.15469 1)
(-5.42697 2.62219 1)
(5.1153 -2.14835 1)
(5.39844 -2.62877 1)
(-4.36863 -3.80664 1)
(-3.9441 -4.10359 1)
(4.3726 3.80132 1)
(3.94501 4.10237 1)
(-6.50201 -0.486769 1)
(-6.04228 -0.561494 1)
(6.50006 0.492693 1)
(6.04033 0.567417 1)
(-1.40655 0.109328 1)
(-1.18762 -0.0721802 1)
(1.40751 -0.11161 1)
(1.18968 0.0691121 1)
(0.0429349 -2.00819 1)
(0.327897 -2.25016 1)
(-0.0429296 2.00799 1)
(-0.327943 2.24976 1)
(-0.0549763 -0.752981 1)
(0.0788633 -0.846319 1)
(0.13384 -0.593338 1)
(-0.0787299 0.841393 1)
(-0.133755 0.590214 1)
(0.0550251 0.751179 1)
(-1.99884 4.54901 1)
(-2.04105 3.96103 1)
(-1.62115 4.41202 1)
(1.99433 -4.5564 1)
(2.039 -3.98464 1)
(1.62363 -4.42824 1)
(-0.55184 -0.395311 1)
(-0.553489 -0.539958 1)
(-0.355202 -0.4982 1)
(0.551763 0.39537 1)
(0.553418 0.539777 1)
(0.355208 0.49796 1)
(-1.36404 4.05175 1)
(-1.32184 4.63973 1)
(1.36058 -4.07768 1)
(1.3159 -4.64944 1)
(-0.254127 -1.52852 1)
(-0.0376063 -1.33302 1)
(0.254146 1.52808 1)
(0.0376597 1.33104 1)
(2.91332 -0.0982407 1)
(2.54118 0.0341711 1)
(-2.90932 0.108769 1)
(-2.53725 -0.0272552 1)
(5.12126 -3.69823 1)
(5.65755 -3.83185 1)
(-5.14889 3.69504 1)
(-5.68893 3.82984 1)
(-3.67191 -0.786634 1)
(-3.29796 -0.615953 1)
(-3.64391 -0.450841 1)
(3.65136 0.454224 1)
(3.66583 0.810132 1)
(3.30546 0.61923 1)
(-8.45668 1.62684 1)
(-8.94167 1.68034 1)
(-8.71836 1.17105 1)
(8.45721 -1.62264 1)
(8.94131 -1.68 1)
(8.71928 -1.16678 1)
(-7.68437 1.21921 1)
(7.68624 -1.2165 1)
(0.135847 4.60598 1)
(0.273923 4.18405 1)
(0.664392 4.57807 1)
(-0.136937 -4.60776 1)
(-0.275176 -4.1861 1)
(-0.664555 -4.57834 1)
(-2.26456 -0.125338 1)
(-1.97324 -0.183127 1)
(-2.0484 0.0604727 1)
(2.26869 0.123754 1)
(1.97721 0.17998 1)
(2.04988 -0.0602464 1)
(-3.51408 -2.90058 1)
(-3.85894 -2.62416 1)
(3.85235 2.627 1)
(3.49757 2.90204 1)
(6.97227 1.17204 1)
(7.32871 1.39438 1)
(7.11243 1.72894 1)
(-7.1201 -1.72375 1)
(-6.96124 -1.1629 1)
(-7.32919 -1.38817 1)
(4.76437 2.67507 1)
(4.39492 2.37722 1)
(4.94808 2.40256 1)
(-4.76114 -2.66634 1)
(-4.38889 -2.37709 1)
(-4.94722 -2.39734 1)
(-1.33888 -2.54361 1)
(-1.25803 -2.1507 1)
(-1.58551 -2.32926 1)
(1.34118 2.54363 1)
(1.26207 2.15183 1)
(1.58927 2.33038 1)
(-3.1558 -3.09987 1)
(3.15008 3.10031 1)
(-3.00986 -0.826305 1)
(-3.06071 -1.16494 1)
(-2.74461 -1.0395 1)
(3.00758 0.836161 1)
(3.05778 1.17643 1)
(2.74543 1.03745 1)
(-3.5324 -1.16868 1)
(-3.87835 -1.00357 1)
(3.87186 1.01881 1)
(3.52597 1.18381 1)
(-1.71489 -0.224944 1)
(-1.93106 -0.410754 1)
(1.71641 0.222129 1)
(1.93523 0.406129 1)
(-1.98598 -1.13549 1)
(-1.72992 -1.15525 1)
(-1.79762 -0.864507 1)
(1.98826 1.13261 1)
(1.73125 1.15475 1)
(1.79876 0.861652 1)
(-6.13967 -1.83131 1)
(-5.78364 -2.04375 1)
(-5.60001 -1.67342 1)
(6.14328 1.84506 1)
(5.78977 2.04276 1)
(5.60434 1.67535 1)
(-5.28172 -2.28623 1)
(-5.82138 -2.44412 1)
(5.28417 2.28673 1)
(5.82312 2.45644 1)
(7.63388 0.881461 1)
(-7.62235 -0.872137 1)
(9.45474 3.90024 1)
(9.02529 3.42211 1)
(9.57055 3.41076 1)
(-9.45447 -3.89973 1)
(-9.02502 -3.4216 1)
(-9.57055 -3.41076 1)
(-1.89739 -2.40175 1)
(-1.81654 -2.00885 1)
(1.8984 2.40176 1)
(1.81929 2.00996 1)
(-3.30303 -1.28918 1)
(-3.03778 -1.50237 1)
(3.29345 1.31072 1)
(3.0313 1.51201 1)
(-6.21422 1.57036 1)
(-5.67209 1.45858 1)
(6.21975 -1.57183 1)
(5.67296 -1.45763 1)
(0.0180833 2.8585 1)
(-0.224689 2.61452 1)
(-0.0185046 -2.85942 1)
(0.224206 -2.61536 1)
(3.08872 1.89416 1)
(3.54905 1.82723 1)
(3.3708 2.0751 1)
(-3.09581 -1.88352 1)
(-3.55708 -1.81594 1)
(-3.37278 -2.07285 1)
(4.89276 3.01381 1)
(-4.89022 -3.01161 1)
(-1.44456 -1.10238 1)
(-1.63292 -1.37336 1)
(1.44584 1.10212 1)
(1.63533 1.37308 1)
(-1.85241 0.187512 1)
(-2.14374 0.245301 1)
(1.85307 -0.18818 1)
(2.14455 -0.244406 1)
(-3.44739 0.222789 1)
(-3.54044 -0.112446 1)
(-3.17691 0.0550746 1)
(3.18831 -0.0589874 1)
(3.43959 -0.216492 1)
(3.54226 0.105817 1)
(-0.178425 -0.571424 1)
(0.178432 0.571183 1)
(7.78579 -3.386 1)
(7.81488 -2.82644 1)
(7.4163 -3.30083 1)
(-7.79293 3.3807 1)
(-7.81974 2.82284 1)
(-7.42049 3.29773 1)
(1.47848 -0.773735 1)
(1.21495 -0.954155 1)
(1.49134 -0.990536 1)
(-1.47844 0.77337 1)
(-1.21489 0.953209 1)
(-1.49132 0.989955 1)
(-9.43105 -0.26473 1)
(-9.43105 0.290826 1)
(9.43065 0.262378 1)
(9.43065 -0.293178 1)
(7.64097 -4.43019 1)
(7.11466 -4.43019 1)
(-7.64421 4.42779 1)
(-7.11789 4.42779 1)
(-4.743 -3.66453 1)
(-4.65065 -4.13456 1)
(4.74549 3.65976 1)
(4.6501 4.13387 1)
(-3.91439 -0.283126 1)
(3.90263 0.296719 1)
(8.60947 1.03402 1)
(8.87384 1.5727 1)
(-8.60653 -1.02902 1)
(-8.87107 -1.56764 1)
(-7.95127 3.74666 1)
(-8.35052 3.27178 1)
(8.34698 -3.28066 1)
(7.94839 -3.75505 1)
(9.57055 2.85521 1)
(-9.57055 -2.85521 1)
(8.45045 4.60728 1)
(8.4315 4.06307 1)
(8.92842 4.45579 1)
(-8.45045 -4.60728 1)
(-8.43123 -4.06256 1)
(-8.92816 -4.45528 1)
(-0.227208 -1.84425 1)
(0.227213 1.84406 1)
(3.22744 -2.80751 1)
(3.05209 -2.47811 1)
(2.76542 -2.8805 1)
(-3.22752 2.80641 1)
(-3.05204 2.47735 1)
(-2.76679 2.87814 1)
(0.941374 -1.99514 1)
(-0.94142 1.99477 1)
(-0.70819 -0.656224 1)
(0.708187 0.655888 1)
(9.03234 -0.627471 1)
(-9.03272 0.625324 1)
(-0.124515 1.466 1)
(-0.0521246 1.13732 1)
(0.124637 -1.4705 1)
(0.0522906 -1.14344 1)
(8.03285 -1.57376 1)
(8.25487 -2.08697 1)
(-8.03238 1.57787 1)
(-8.25569 2.08715 1)
(-3.44366 0.964164 1)
(-3.46568 0.573889 1)
(-3.06184 0.780585 1)
(3.44327 -0.963606 1)
(3.46617 -0.568824 1)
(3.06273 -0.776078 1)
(4.23592 1.01502 1)
(4.09605 1.3887 1)
(-4.23936 -1.00238 1)
(-4.09986 -1.38443 1)
(0.332676 -0.843582 1)
(0.14386 -1.00323 1)
(-0.150545 0.996732 1)
(-0.339325 0.835767 1)
(-0.751653 -0.00580927 1)
(-0.876717 -0.224343 1)
(-0.625063 -0.218534 1)
(0.752866 0.0049397 1)
(0.877852 0.223533 1)
(0.624987 0.218594 1)
(9.00052 0.555897 1)
(-9.0004 -0.557496 1)
(3.35851 -1.38746 1)
(3.76196 -1.18021 1)
(-3.35851 1.38746 1)
(-3.76236 1.18077 1)
(-6.23898 0.508238 1)
(-6.61467 0.225726 1)
(6.24334 -0.51065 1)
(6.61124 -0.22508 1)
(4.55154 -1.15111 1)
(4.29215 -0.822652 1)
(4.1061 -1.08481 1)
(-4.55224 1.15184 1)
(-4.29282 0.823859 1)
(-4.10693 1.08545 1)
(0.860529 -0.52597 1)
(0.942453 -0.687532 1)
(1.12016 -0.575793 1)
(-0.861041 0.525483 1)
(-0.943058 0.686417 1)
(-1.11999 0.575691 1)
(5.01477 -2.91217 1)
(-5.05039 2.91731 1)
(-4.8217 0.225747 1)
(-5.04489 -0.123521 1)
(-4.69185 -0.216647 1)
(4.82835 -0.221679 1)
(5.04904 0.122739 1)
(4.69932 0.219773 1)
(-0.162438 3.20756 1)
(0.253896 3.19328 1)
(0.161402 -3.20928 1)
(-0.254384 -3.19428 1)
(-0.390469 4.60598 1)
(0.389379 -4.60776 1)
(0.437921 3.84924 1)
(-0.0906241 3.87715 1)
(-0.438636 -3.85041 1)
(0.0889828 -3.87983 1)
(4.02135 -1.50867 1)
(-4.02179 1.50875 1)
(-2.6805 3.65261 1)
(-2.58854 3.24436 1)
(-2.32678 3.68977 1)
(2.67524 -3.66135 1)
(2.58222 -3.25482 1)
(2.31669 -3.70627 1)
(-4.15808 0.445045 1)
(-4.60339 0.511436 1)
(4.16267 -0.440498 1)
(4.60811 -0.506798 1)
(2.16573 4.66533 1)
(2.00983 4.1884 1)
(2.47568 4.52307 1)
(-2.16573 -4.66533 1)
(-2.00705 -4.18877 1)
(-2.4729 -4.52344 1)
(9.60169 -0.889849 1)
(-9.60167 0.890054 1)
(-1.50544 1.61773 1)
(-1.48028 1.27948 1)
(1.50542 -1.61783 1)
(1.48029 -1.28017 1)
(-2.56066 -2.82321 1)
(-2.61717 -2.39301 1)
(2.56072 2.82331 1)
(2.61671 2.39392 1)
(1.01043 -0.872132 1)
(0.750805 -0.82231 1)
(-1.01032 0.868884 1)
(-0.75137 0.818676 1)
(-1.0232 1.08547 1)
(-0.729387 1.22975 1)
(1.0233 -1.08893 1)
(0.729529 -1.23498 1)
(-7.087 2.80559 1)
(-7.0602 3.36345 1)
(7.07684 -2.80502 1)
(7.04775 -3.36457 1)
(3.66231 2.30622 1)
(-3.67456 -2.30376 1)
(3.59566 -2.00459 1)
(3.97204 -2.25365 1)
(4.05359 -1.85312 1)
(-3.59499 2.00484 1)
(-3.96808 2.25327 1)
(-4.0503 1.85249 1)
(-6.43978 3.20468 1)
(-6.77327 3.69682 1)
(6.41011 -3.20221 1)
(6.74956 -3.69803 1)
(-3.82921 0.406368 1)
(3.82013 -0.40402 1)
(6.4227 3.66945 1)
(6.08526 3.30756 1)
(6.65733 3.36717 1)
(-6.42281 -3.66822 1)
(-6.08741 -3.30216 1)
(-6.65938 -3.363 1)
(-3.30092 3.21811 1)
(-3.58617 2.81732 1)
(3.29148 -3.20568 1)
(3.57815 -2.80329 1)
(3.49948 1.51939 1)
(-3.50948 -1.50611 1)
(-2.02169 2.34087 1)
(-1.81999 2.18249 1)
(-1.79913 2.56095 1)
(2.02157 -2.34107 1)
(1.81921 -2.18377 1)
(1.79847 -2.56203 1)
(6.20708 -3.92826 1)
(6.84472 -4.09062 1)
(-6.22336 3.92709 1)
(-6.84378 4.08586 1)
(-5.75566 1.05461 1)
(-5.33708 1.33923 1)
(5.76523 -1.05721 1)
(5.33267 -1.34035 1)
(-8.87227 -2.46342 1)
(-8.59162 -3.00403 1)
(8.87453 2.46773 1)
(8.59403 3.00863 1)
(7.02981 3.27747 1)
(7.5559 2.95525 1)
(7.52087 3.40684 1)
(-7.02709 -3.27229 1)
(-7.55077 -2.94548 1)
(-7.51845 -3.40224 1)
(1.71545 1.68215 1)
(1.43004 1.62952 1)
(-1.71147 -1.68129 1)
(-1.4261 -1.62842 1)
(-0.516075 -1.71269 1)
(0.51609 1.71241 1)
(-5.30986 -0.424716 1)
(-5.4397 0.0176783 1)
(5.31234 0.423853 1)
(5.44137 -0.0175984 1)
(-3.14774 3.63936 1)
(-2.88598 4.08477 1)
(3.1459 -3.64099 1)
(2.88037 -4.09243 1)
(1.1725 -2.24508 1)
(0.835789 -2.39394 1)
(-1.1725 2.24508 1)
(-0.835835 2.39356 1)
(-0.605772 0.142347 1)
(-0.857425 0.136538 1)
(0.605424 -0.139422 1)
(0.85829 -0.134483 1)
(3.26301 -1.74652 1)
(2.94431 -1.52991 1)
(-3.26301 1.74652 1)
(-2.94431 1.52991 1)
(2.19159 -0.541842 1)
(1.85131 -0.591228 1)
(-2.19159 0.541842 1)
(-1.85131 0.591228 1)
(-2.37372 -0.772806 1)
(-2.12154 -0.606842 1)
(-2.44158 -0.534901 1)
(2.3755 0.768349 1)
(2.1259 0.601747 1)
(2.44563 0.530582 1)
(2.71944 -2.22004 1)
(3.18146 -2.14705 1)
(-2.72006 2.21902 1)
(-3.18079 2.14729 1)
(-2.52764 -0.947658 1)
(-2.2076 -1.0196 1)
(2.52881 0.945153 1)
(2.20908 1.01632 1)
(-7.27373 -2.38228 1)
(-6.69136 -2.50859 1)
(-6.90567 -2.07533 1)
(6.89879 2.08187 1)
(7.26685 2.38858 1)
(6.69678 2.51917 1)
(6.57217 -4.66043 1)
(-6.56799 4.65806 1)
(4.39773 -1.75773 1)
(-4.39487 1.75718 1)
(-2.29607 2.6342 1)
(-2.31693 2.25575 1)
(2.29546 -2.63522 1)
(2.31619 -2.25696 1)
(-7.90019 4.10505 1)
(-8.45778 3.99613 1)
(7.89227 -4.11092 1)
(8.45346 -4.00559 1)
(-9.05403 2.16088 1)
(-9.31571 1.7051 1)
(9.05365 -2.16075 1)
(9.31572 -1.70489 1)
(4.24518 0.260241 1)
(4.13608 -0.0881664 1)
(-4.24326 -0.24445 1)
(-4.13979 0.0939455 1)
(-6.34794 0.87974 1)
(-6.61303 1.24741 1)
(6.35193 -0.879355 1)
(6.62141 -1.24903 1)
(-6.53773 -1.85006 1)
(6.54235 1.85953 1)
(4.46588 0.604659 1)
(-4.46645 -0.593719 1)
(1.63941 4.66533 1)
(-1.63941 -4.66533 1)
(-1.25133 -4.24367 1)
(-1.19087 -4.57834 1)
(1.19071 4.57807 1)
(1.25117 4.2434 1)
(6.64171 4.01546 1)
(6.06964 3.95586 1)
(-6.64171 -4.01546 1)
(-6.06974 -3.95462 1)
(-5.50724 4.56081 1)
(-4.98093 4.56081 1)
(5.49632 -4.56402 1)
(4.97001 -4.56402 1)
(-6.73657 1.64381 1)
(6.73564 -1.64637 1)
(8.00024 3.64959 1)
(-7.99783 -3.64499 1)
(-2.98186 -0.490513 1)
(2.99311 0.480253 1)
(8.14603 -4.68073 1)
(-8.15072 4.67726 1)
(3.51762 -4.53604 1)
(2.99131 -4.53604 1)
(-3.51872 4.53576 1)
(-2.9924 4.53576 1)
(2.85304 1.75987 1)
(2.65874 1.89319 1)
(2.60132 1.51105 1)
(-2.85349 -1.75928 1)
(-2.6591 -1.89246 1)
(-2.60107 -1.51131 1)
(-0.614885 0.996125 1)
(-0.525642 1.22473 1)
(0.518972 -1.23177 1)
(0.608229 -1.0037 1)
(0.306103 -1.14071 1)
(0.427403 -1.37199 1)
(-0.31272 1.13169 1)
(-0.427222 1.36531 1)
(-9.56935 -0.848322 1)
(9.56986 0.849074 1)
(-9.57633 3.47538 1)
(-9.16722 3.61002 1)
(-9.59089 4.02352 1)
(9.5768 -3.47748 1)
(9.16603 -3.61747 1)
(9.58923 -4.02889 1)
(-1.59912 0.177041 1)
(-1.56451 -0.065029 1)
(1.5999 -0.177792 1)
(1.56602 0.0621623 1)
(2.52064 -4.5564 1)
(-2.52516 4.54901 1)
(-7.07551 0.0158907 1)
(7.07508 -0.0184666 1)
(-5.58515 -3.14699 1)
(-5.52099 -3.48812 1)
(-5.2553 -3.02773 1)
(5.58408 3.15513 1)
(5.5276 3.48035 1)
(5.26104 3.02563 1)
(-6.56538 -4.65093 1)
(6.56538 4.65093 1)
(0.988905 0.457763 1)
(1.11678 0.244109 1)
(-1.11828 -0.241332 1)
(-0.991687 -0.454057 1)
(0.732098 -2.75915 1)
(0.630126 -3.1943 1)
(0.964942 -3.07903 1)
(-0.732582 2.75833 1)
(-0.634483 3.18715 1)
(-0.968814 3.07269 1)
(0.500973 -2.50921 1)
(-0.501504 2.50802 1)
(-5.82172 -2.84177 1)
(5.8187 2.85285 1)
(-3.35683 -4.66906 1)
(-3.32069 -4.13432 1)
(-3.64806 -4.46526 1)
(3.64851 4.46466 1)
(3.35689 4.66898 1)
(3.32119 4.13365 1)
(-2.26755 -1.86292 1)
(-2.51997 -2.11088 1)
(2.26772 1.86285 1)
(2.51944 2.11168 1)
(4.51937 1.74481 1)
(4.85546 1.62898 1)
(4.91473 1.98888 1)
(-4.51792 -1.74566 1)
(-4.85242 -1.63455 1)
(-4.90947 -1.99698 1)
(5.2268 1.56242 1)
(4.83145 1.31835 1)
(-5.2272 -1.56784 1)
(-4.83565 -1.31653 1)
(-3.98024 -4.63834 1)
(3.98071 4.63771 1)
(-4.88093 -4.49622 1)
(-5.3044 -4.16692 1)
(-5.16031 -4.6707 1)
(4.87992 4.49616 1)
(5.30324 4.16702 1)
(5.16016 4.67086 1)
(-5.75944 4.21887 1)
(5.75271 -4.22444 1)
(6.02156 0.874048 1)
(5.6859 0.590147 1)
(-6.02357 -0.866995 1)
(-5.68596 -0.589018 1)
(-1.15992 -0.658561 1)
(-0.918356 -0.641573 1)
(1.15782 0.660692 1)
(0.918887 0.640116 1)
(0.874541 -0.346538 1)
(-0.874759 0.349726 1)
(2.73763 -0.941102 1)
(-2.73763 0.941102 1)
(-9.26876 -1.63248 1)
(-9.00112 -2.05903 1)
(9.26957 1.63381 1)
(9.00369 2.06392 1)
(-2.44568 1.92569 1)
(2.44555 -1.92589 1)
(2.22568 2.36358 1)
(-2.22562 -2.36347 1)
(-4.68796 -0.974579 1)
(4.69006 0.974548 1)
(-6.04167 4.65806 1)
(6.04586 -4.66043 1)
(0.394247 -3.52916 1)
(-0.39867 3.52193 1)
(-9.69941 -1.89527 1)
(-9.56935 -1.40388 1)
(9.69971 1.89584 1)
(9.56986 1.40463 1)
(-5.68662 -4.6707 1)
(5.68647 4.67086 1)
(-2.57849 -1.28629 1)
(2.579 1.28542 1)
(1.20325 -3.30782 1)
(1.30522 -2.87267 1)
(-1.21207 3.2934 1)
(-1.31017 2.86458 1)
(0.807859 1.03325 1)
(0.74617 1.29417 1)
(-0.807785 -1.03364 1)
(-0.746156 -1.29444 1)
(4.2325 -4.02191 1)
(4.71246 -4.25743 1)
(4.72322 -3.89251 1)
(-4.24453 4.02076 1)
(-4.727 4.2527 1)
(-4.74254 3.88968 1)
(-0.876419 -0.860728 1)
(0.8771 0.858817 1)
(-7.34862 -0.330734 1)
(7.35729 0.33324 1)
(-1.37173 -2.85719 1)
(-1.04425 -2.67864 1)
(1.37273 2.8572 1)
(1.04553 2.67865 1)
(-2.02335 -1.75379 1)
(2.02458 1.75353 1)
(-9.57633 2.91983 1)
(9.5768 -2.92192 1)
(4.989 -1.31486 1)
(4.80294 -1.57702 1)
(-4.99582 1.31673 1)
(-4.80993 1.57832 1)
(1.6602 -1.90455 1)
(1.88754 -1.6761 1)
(-1.66032 1.90435 1)
(-1.88767 1.67579 1)
(6.89663 -2.50465 1)
(6.70947 -2.05485 1)
(6.52114 -2.41896 1)
(-6.90583 2.50592 1)
(-6.71136 2.05365 1)
(-6.53224 2.41904 1)
(6.3243 2.60887 1)
(-6.32364 -2.59929 1)
(2.68232 -1.24328 1)
(2.58681 -1.60233 1)
(-2.68232 1.24328 1)
(-2.58681 1.60233 1)
(6.25749 -2.78518 1)
(-6.27632 2.77476 1)
(-1.99459 -2.68389 1)
(1.99566 2.684 1)
(-5.06274 -0.907864 1)
(5.0614 0.907995 1)
(-0.763362 -1.5501 1)
(-0.736442 -1.86583 1)
(0.763958 1.54993 1)
(0.737025 1.8659 1)
(8.47822 3.4981 1)
(-8.47554 -3.49299 1)
(1.33151 -2.5243 1)
(1.43709 -2.12551 1)
(-1.33217 2.52322 1)
(-1.43775 2.12443 1)
(4.47929 -4.69342 1)
(-4.48292 4.69189 1)
(5.08127 -0.914444 1)
(-5.07939 0.912754 1)
(-9.59089 4.57908 1)
(9.58923 -4.58444 1)
(-9.06457 4.57908 1)
(9.06291 -4.58444 1)
(2.18356 -1.63926 1)
(-2.18368 1.63906 1)
(1.24753 1.82101 1)
(1.16741 1.51194 1)
(-1.24419 -1.8198 1)
(-1.16564 -1.51186 1)
(-8.84532 3.89795 1)
(-8.83076 3.34981 1)
(8.84402 -3.9093 1)
(8.83159 -3.35789 1)
(4.14562 1.69654 1)
(3.78157 1.70033 1)
(-4.14746 -1.69426 1)
(-3.78645 -1.69545 1)
(-3.00237 -0.226466 1)
(3.01599 0.224068 1)
(-7.48338 1.67952 1)
(7.4839 -1.68083 1)
(1.82605 3.4429 1)
(2.2487 3.67736 1)
(1.89714 3.81167 1)
(-1.89452 -3.81182 1)
(-1.82622 -3.44268 1)
(-2.24592 -3.67774 1)
(4.36413 -2.47306 1)
(3.9062 -2.62453 1)
(-4.36084 2.47243 1)
(-3.90554 2.62478 1)
(-6.69169 -2.90624 1)
(6.69236 2.91558 1)
(-0.997566 -2.03415 1)
(0.999435 2.03425 1)
(3.49661 -3.63677 1)
(-3.5064 3.65027 1)
(4.83628 3.33904 1)
(-4.82605 -3.35274 1)
(2.84891 3.33062 1)
(2.53847 3.48451 1)
(2.48806 3.1547 1)
(-2.84854 -3.33074 1)
(-2.53811 -3.48463 1)
(-2.48806 -3.1547 1)
(-3.97893 3.03648 1)
(3.97024 -3.0227 1)
(-0.967719 3.89049 1)
(-1.26704 3.66278 1)
(1.26564 -3.68533 1)
(0.95791 -3.90653 1)
(2.71811 0.440999 1)
(-2.71427 -0.436818 1)
(-7.11016 1.7307 1)
(7.11112 -1.73206 1)
(4.6413 -3.4627 1)
(-4.66642 3.46311 1)
(3.79715 -3.86453 1)
(3.78639 -4.22946 1)
(-3.80664 3.86463 1)
(-3.79111 4.22765 1)
(0.557707 -3.86485 1)
(-0.562669 3.85673 1)
(3.94273 -3.42922 1)
(-3.95982 3.44338 1)
(1.56981 -2.7531 1)
(-1.57542 2.74393 1)
(-2.46209 -0.270855 1)
(2.46851 0.274397 1)
(-1.60839 3.45466 1)
(1.60591 -3.47897 1)
(0.310616 -0.520114 1)
(0.475251 -0.662192 1)
(0.518188 -0.495631 1)
(-0.310532 0.516991 1)
(-0.475809 0.658319 1)
(-0.518831 0.494881 1)
(0.789583 -4.64944 1)
(-0.79552 4.63973 1)
(1.58718 3.95393 1)
(-1.58735 -3.95371 1)
(9.60169 -1.4454 1)
(-9.60167 1.44561 1)
(1.60809 0.666034 1)
(1.38479 0.681064 1)
(1.45113 0.463308 1)
(-1.60714 -0.668419 1)
(-1.3874 -0.677656 1)
(-1.45298 -0.461808 1)
(-5.58324 -1.3554 1)
(5.58032 1.36473 1)
(2.60955 3.85328 1)
(-2.60641 -3.85377 1)
(-1.57059 -3.14947 1)
(-1.27596 -3.28449 1)
(1.57143 3.1497 1)
(1.27579 3.28471 1)
(3.95298 -4.69342 1)
(-3.9566 4.69189 1)
(1.30073 0.303342 1)
(-1.30259 -0.301893 1)
(0.967105 1.44767 1)
(-0.966523 -1.44758 1)
(-6.03906 -4.65093 1)
(6.03906 4.65093 1)
(5.29357 0.730484 1)
(5.43496 1.07429 1)
(-5.29115 -0.730218 1)
(-5.43884 -1.07217 1)
(-5.10807 -3.68065 1)
(5.11378 3.67158 1)
(4.20489 2.05644 1)
(-4.20451 -2.05668 1)
(1.52403 0.288311 1)
(-1.52232 -0.292657 1)
(-0.755691 -2.91832 1)
(0.755754 2.91822 1)
(-1.8632 -0.648659 1)
(1.8651 0.643895 1)
(-9.71404 1.92616 1)
(9.71404 -1.92616 1)
(1.21886 1.08175 1)
(1.31478 0.863418 1)
(-1.21707 -1.08328 1)
(-1.31407 -0.865172 1)
(2.83057 4.66898 1)
(-2.83052 -4.66906 1)
(-9.18554 -4.17678 1)
(-9.20475 -4.7215 1)
(9.18581 4.17729 1)
(9.20475 4.7215 1)
(-0.532549 0.319124 1)
(0.532201 -0.316199 1)
(8.00745 -2.47485 1)
(7.63795 -2.38968 1)
(-8.01179 2.472 1)
(-7.63934 2.38903 1)
(-0.697827 0.460452 1)
(0.696836 -0.458277 1)
(-2.1399 -1.31035 1)
(2.14156 1.30942 1)
(-4.50656 -4.63834 1)
(4.50703 4.63771 1)
(1.14962 1.25618 1)
(-1.14844 -1.2562 1)
(1.13848 3.86668 1)
(-1.13881 -3.86673 1)
(1.77218 -2.9104 1)
(-1.77713 2.90231 1)
(-9.73107 -4.16594 1)
(9.73107 4.16594 1)
(-1.92199 -3.01538 1)
(1.923 3.01539 1)
(1.8836 -3.2006 1)
(2.11226 -3.00954 1)
(-1.89412 3.18341 1)
(-2.11783 3.00043 1)
(1.01856 1.01748 1)
(-1.01795 -1.01899 1)
(9.73107 4.7215 1)
(-9.73107 -4.7215 1)
(8.43181 -2.52373 1)
(-8.43609 2.52097 1)
(-5.43793 -3.79991 1)
(5.43681 3.80108 1)
(-6.16797 -1.15023 1)
(-6.56602 -1.16898 1)
(-6.3541 -1.47973 1)
(6.16693 1.16449 1)
(6.56599 1.17896 1)
(6.35692 1.49212 1)
(-2.67184 -4.1925 1)
(2.67468 4.19205 1)
(0.652646 -4.2572 1)
(-0.659673 4.24571 1)
(-8.67703 4.67726 1)
(8.67235 -4.68073 1)
(0.540248 -0.819099 1)
(-0.547625 0.813658 1)
(9.71404 -2.48171 1)
(-9.71404 2.48171 1)
(-4.68553 3.0562 1)
(-4.66315 2.70505 1)
(4.66882 -3.05618 1)
(4.64425 -2.69994 1)
(9.69971 2.4514 1)
(-9.69941 -2.45082 1)
(-6.89723 -0.480691 1)
(6.90634 0.485773 1)
(-5.98172 0.802461 1)
(-5.6467 0.683108 1)
(5.99692 -0.805778 1)
(5.65663 -0.688504 1)
(0.417467 3.49893 1)
(0.782014 3.80583 1)
(-0.418092 -3.49995 1)
(-0.78225 -3.80622 1)
(-1.94909 3.55279 1)
(1.94599 -3.57811 1)
(5.71705 3.97578 1)
(-5.71731 -3.97439 1)
(-1.69445 0.361869 1)
(1.69457 -0.361952 1)
(-4.27918 3.25085 1)
(4.27078 -3.25046 1)
(1.11802 3.51636 1)
(-1.11826 -3.51626 1)
(-6.77512 -0.833393 1)
(6.78228 0.844399 1)
(0.597988 3.14986 1)
(-0.597999 -3.15008 1)
(-2.25022 -2.9771 1)
(2.25028 2.97721 1)
(-2.41306 2.9153 1)
(2.40688 -2.92542 1)
(7.26517 -2.44091 1)
(-7.26612 2.4402 1)
(-5.52375 0.374916 1)
(5.5332 -0.377892 1)
(-8.67242 2.98385 1)
(8.66899 -2.98884 1)
(-8.91633 2.599 1)
(8.91642 -2.60096 1)
(1.59813 -0.58084 1)
(-1.59802 0.580758 1)
(-4.72569 2.33354 1)
(4.71009 -2.32905 1)
(-4.83844 1.92207 1)
(4.83518 -1.92148 1)
(-5.81164 -1.17775 1)
(5.81249 1.18722 1)
(7.45773 -2.08931 1)
(-7.45817 2.08936 1)
(-0.919399 -3.22399 1)
(0.919325 3.22387 1)
(-2.16248 -1.53536 1)
(2.16388 1.53504 1)
(-5.93621 -4.32164 1)
(5.93606 4.32179 1)
(-9.26996 -2.52825 1)
(9.27026 2.52883 1)
(-8.79424 4.25634 1)
(8.78789 -4.26517 1)
(-4.95643 0.604561 1)
(4.95783 -0.603832 1)
(9.29083 -2.62585 1)
(-9.29037 2.62376 1)
(-4.01843 -2.32568 1)
(4.02118 2.32895 1)
(-2.96402 -3.99939 1)
(2.96445 3.9992 1)
(1.32174 -0.544459 1)
(-1.32159 0.544011 1)
(-5.2977 0.627065 1)
(5.30151 -0.629325 1)
(3.20049 3.43012 1)
(-3.20585 -3.42979 1)
(-3.25526 -3.79559 1)
(3.25606 3.79488 1)
(-2.38409 -1.41947 1)
(2.38471 1.41874 1)
(6.99477 3.72906 0.5)
(7.95352 4.21456 0.5)
(7.47415 3.97181 0.5)
(6.91844 4.36453 0.5)
(7.39781 4.60728 0.5)
(-6.99477 -3.72906 0.5)
(-7.95352 -4.21456 0.5)
(-6.91844 -4.36453 0.5)
(-7.39781 -4.60728 0.5)
(-7.47415 -3.97181 0.5)
(0.03474 -1.66007 0.5)
(0.604664 -2.144 0.5)
(0.640271 -1.46305 0.5)
(0.319702 -1.90204 0.5)
(0.337506 -1.56156 0.5)
(0.622468 -1.80353 0.5)
(-0.0347307 1.65973 0.5)
(-0.604757 2.14326 0.5)
(-0.640144 1.45835 0.5)
(-0.319744 1.90149 0.5)
(-0.337437 1.55904 0.5)
(-0.62245 1.8008 0.5)
(8.86131 -0.0308 0.5)
(8.07921 0.925443 0.5)
(7.52603 -0.171 0.5)
(8.47026 0.447321 0.5)
(8.19367 -0.1009 0.5)
(7.80262 0.377222 0.5)
(-8.8621 0.0260962 0.5)
(-8.07436 -0.91696 0.5)
(-7.52689 0.165848 0.5)
(-8.46823 -0.445432 0.5)
(-8.1945 0.095972 0.5)
(-7.80063 -0.375556 0.5)
(-8.23337 1.11755 0.5)
(-8.54773 0.571824 0.5)
(-7.88013 0.6417 0.5)
(8.23519 -1.10943 0.5)
(8.54825 -0.570113 0.5)
(7.88061 -0.640213 0.5)
(-2.7985 -3.00081 0.5)
(-2.91152 -2.14042 0.5)
(-3.51506 -2.60224 0.5)
(-2.85501 -2.57062 0.5)
(-3.15678 -2.80153 0.5)
(-3.21329 -2.37133 0.5)
(2.7985 3.00081 0.5)
(2.91046 2.14202 0.5)
(3.49348 2.60427 0.5)
(2.85448 2.57141 0.5)
(3.14599 2.80254 0.5)
(3.20197 2.37314 0.5)
(7.92413 4.60728 0.5)
(-7.92413 -4.60728 0.5)
(0.0511299 -2.35631 0.5)
(-0.489155 -2.02842 0.5)
(-0.434291 -2.84442 0.5)
(-0.219013 -2.19236 0.5)
(-0.19158 -2.60036 0.5)
(-0.461723 -2.43642 0.5)
(-0.0511285 2.35626 0.5)
(0.489156 2.02838 0.5)
(0.434417 2.84421 0.5)
(0.219014 2.19232 0.5)
(0.191644 2.60024 0.5)
(0.461787 2.4363 0.5)
(-1.75487 0.810117 0.5)
(-1.73279 1.38917 0.5)
(-2.32482 1.3157 0.5)
(-1.74383 1.09964 0.5)
(-2.03984 1.06291 0.5)
(-2.0288 1.35244 0.5)
(1.75487 -0.810117 0.5)
(1.73276 -1.38938 0.5)
(2.32482 -1.3157 0.5)
(1.74382 -1.09975 0.5)
(2.03984 -1.06291 0.5)
(2.02879 -1.35254 0.5)
(-5.25351 1.74321 0.5)
(-5.82593 2.67822 0.5)
(-6.33776 1.96677 0.5)
(-5.53972 2.21071 0.5)
(-5.79563 1.85499 0.5)
(-6.08185 2.32249 0.5)
(5.2404 -1.74077 0.5)
(5.80668 -2.70161 0.5)
(6.33398 -1.96917 0.5)
(5.52354 -2.22119 0.5)
(5.78719 -1.85497 0.5)
(6.07033 -2.33539 0.5)
(-6.62412 -0.134066 0.5)
(-5.70467 -0.283516 0.5)
(-5.87276 0.430959 0.5)
(-6.1644 -0.208791 0.5)
(-6.24844 0.148446 0.5)
(-5.78871 0.0737213 0.5)
(6.62412 0.134066 0.5)
(5.70467 0.283516 0.5)
(5.88833 -0.437072 0.5)
(6.1644 0.208791 0.5)
(6.25623 -0.151503 0.5)
(5.7965 -0.0767778 0.5)
(5.03934 -3.26842 0.5)
(6.11192 -3.53567 0.5)
(5.42301 -2.98502 0.5)
(5.9593 -3.11864 0.5)
(5.57563 -3.40205 0.5)
(-6.15285 3.53806 0.5)
(-5.07278 3.26846 0.5)
(-5.98939 3.10814 0.5)
(-5.61281 3.40326 0.5)
(-5.44936 2.97334 0.5)
(-1.27808 1.84628 0.5)
(-1.22778 1.16979 0.5)
(-0.959114 1.65232 0.5)
(-0.933961 1.31407 0.5)
(-1.25293 1.50804 0.5)
(1.27808 -1.84628 0.5)
(1.22781 -1.17096 0.5)
(0.959177 -1.65467 0.5)
(0.93404 -1.317 0.5)
(1.25295 -1.50862 0.5)
(-1.0114 -2.36505 0.5)
(-0.722847 -2.60473 0.5)
(-0.750279 -2.19674 0.5)
(1.01398 2.36507 0.5)
(0.724197 2.60464 0.5)
(0.751566 2.19673 0.5)
(8.60796 2.00282 0.5)
(7.46887 1.95128 0.5)
(8.03841 1.97705 0.5)
(8.34358 1.46413 0.5)
(7.77404 1.43836 0.5)
(-8.60343 -1.9942 0.5)
(-7.48804 -1.94902 0.5)
(-8.04574 -1.97161 0.5)
(-8.33889 -1.45558 0.5)
(-7.7812 -1.43299 0.5)
(0.666401 0.874588 0.5)
(0.543023 1.39643 0.5)
(0.11005 1.00236 0.5)
(0.604712 1.13551 0.5)
(0.388225 0.938473 0.5)
(0.326537 1.1994 0.5)
(-0.666253 -0.875379 0.5)
(-0.542994 -1.39696 0.5)
(-0.109953 -1.00596 0.5)
(-0.604624 -1.13617 0.5)
(-0.388103 -0.94067 0.5)
(-0.326474 -1.20146 0.5)
(-2.43544 0.711343 0.5)
(-2.09515 0.76073 0.5)
(-2.38013 1.01352 0.5)
(2.43544 -0.711343 0.5)
(2.09515 -0.76073 0.5)
(2.38013 -1.01352 0.5)
(-6.60521 0.585518 0.5)
(-7.13538 1.32086 0.5)
(-7.06605 0.375683 0.5)
(-7.33114 0.743355 0.5)
(-6.8703 0.95319 0.5)
(6.59835 -0.584227 0.5)
(7.1373 -1.32358 0.5)
(7.06219 -0.377613 0.5)
(7.33166 -0.747288 0.5)
(6.86782 -0.953902 0.5)
(-8.04213 -3.07543 0.5)
(-8.32278 -2.53481 0.5)
(-7.76509 -2.51222 0.5)
(8.04696 3.08462 0.5)
(8.32746 2.54372 0.5)
(7.75791 2.51795 0.5)
(0.356863 0.642367 0.5)
(0.233457 0.822362 0.5)
(0.511632 0.758478 0.5)
(-0.35685 -0.642848 0.5)
(-0.233401 -0.824405 0.5)
(-0.511552 -0.759113 0.5)
(-3.08386 0.39031 0.5)
(-2.33973 0.118261 0.5)
(-2.75965 0.550827 0.5)
(-2.38758 0.414802 0.5)
(-2.71179 0.254286 0.5)
(3.08563 -0.381296 0.5)
(2.34136 -0.116473 0.5)
(2.76054 -0.54632 0.5)
(2.3884 -0.413908 0.5)
(2.71349 -0.248885 0.5)
(-4.46098 -3.33661 0.5)
(-3.61192 -3.93051 0.5)
(-3.5131 -3.19892 0.5)
(-4.03645 -3.63356 0.5)
(-3.98704 -3.26777 0.5)
(-3.56251 -3.56472 0.5)
(4.46799 3.32722 0.5)
(3.6128 3.92933 0.5)
(3.50166 3.19982 0.5)
(4.0404 3.62827 0.5)
(3.98482 3.26352 0.5)
(3.55723 3.56457 0.5)
(1.00573 0.0098794 0.5)
(1.03823 -0.414232 0.5)
(1.44139 -0.351564 0.5)
(1.02198 -0.202176 0.5)
(1.22356 -0.170842 0.5)
(1.23981 -0.382898 0.5)
(-1.00331 -0.0116185 0.5)
(-1.03797 0.414758 0.5)
(-1.44116 0.351399 0.5)
(-1.02064 0.201569 0.5)
(-1.22223 0.16989 0.5)
(-1.23957 0.383078 0.5)
(-4.20281 -2.64608 0.5)
(-4.33189 -2.99135 0.5)
(-3.85796 -2.9225 0.5)
(4.21121 2.64973 0.5)
(4.3396 2.98848 0.5)
(3.85644 2.92478 0.5)
(-5.028 2.56617 0.5)
(-5.14075 2.15469 0.5)
(-5.42697 2.62219 0.5)
(4.9902 -2.55593 0.5)
(5.1153 -2.14835 0.5)
(5.39844 -2.62877 0.5)
(-4.27627 -4.27667 0.5)
(-4.36863 -3.80664 0.5)
(-3.9441 -4.10359 0.5)
(4.27721 4.27542 0.5)
(4.3726 3.80132 0.5)
(3.94501 4.10237 0.5)
(-6.3799 -0.839471 0.5)
(-6.04228 -0.561494 0.5)
(-6.50201 -0.486769 0.5)
(6.376 0.851319 0.5)
(6.04033 0.567417 0.5)
(6.50006 0.492693 0.5)
(-1.37193 -0.132742 0.5)
(-1.18762 -0.0721802 0.5)
(-1.40655 0.109328 0.5)
(1.37363 0.128345 0.5)
(1.18968 0.0691121 0.5)
(1.40751 -0.11161 0.5)
(0.0429349 -2.00819 0.5)
(0.327897 -2.25016 0.5)
(-0.0429296 2.00799 0.5)
(-0.327943 2.24976 0.5)
(0.267679 -0.686676 0.5)
(-0.0549763 -0.752981 0.5)
(0.13384 -0.593338 0.5)
(0.0788633 -0.846319 0.5)
(-0.26751 0.680428 0.5)
(-0.0787299 0.841393 0.5)
(0.0550251 0.751179 0.5)
(-0.133755 0.590214 0.5)
(-2.41874 4.09802 0.5)
(-1.66336 3.82404 0.5)
(-1.99884 4.54901 0.5)
(-1.62115 4.41202 0.5)
(-2.04105 3.96103 0.5)
(2.4097 -4.11279 0.5)
(1.6683 -3.85648 0.5)
(1.99433 -4.5564 0.5)
(1.62363 -4.42824 0.5)
(2.039 -3.98464 0.5)
(-0.750127 -0.437068 0.5)
(-0.55184 -0.395311 0.5)
(-0.355202 -0.4982 0.5)
(-0.553489 -0.539958 0.5)
(0.749974 0.437187 0.5)
(0.551763 0.39537 0.5)
(0.355208 0.49796 0.5)
(0.553418 0.539777 0.5)
(-1.06472 4.27947 0.5)
(-1.32184 4.63973 0.5)
(-1.36404 4.05175 0.5)
(1.05285 -4.29888 0.5)
(1.3159 -4.64944 0.5)
(1.36058 -4.07768 0.5)
(-0.0376063 -1.33302 0.5)
(-0.254127 -1.52852 0.5)
(0.0376597 1.33104 0.5)
(0.254146 1.52808 0.5)
(2.741 0.184815 0.5)
(2.91332 -0.0982407 0.5)
(2.54118 0.0341711 0.5)
(-2.73477 -0.172772 0.5)
(-2.90932 0.108769 0.5)
(-2.53725 -0.0272552 0.5)
(5.20318 -4.12803 0.5)
(5.65755 -3.83185 0.5)
(5.12126 -3.69823 0.5)
(-5.22501 4.12162 0.5)
(-5.68893 3.82984 0.5)
(-5.14889 3.69504 0.5)
(-4.01786 -0.621522 0.5)
(-3.32596 -0.951745 0.5)
(-3.26996 -0.280161 0.5)
(-3.67191 -0.786634 0.5)
(-3.64391 -0.450841 0.5)
(-3.29796 -0.615953 0.5)
(3.29098 0.263322 0.5)
(4.01173 0.645127 0.5)
(3.31994 0.975138 0.5)
(3.65136 0.454224 0.5)
(3.30546 0.61923 0.5)
(3.66583 0.810132 0.5)
(-8.68 2.13612 0.5)
(-9.20335 1.22455 0.5)
(-8.45668 1.62684 0.5)
(-8.71836 1.17105 0.5)
(-8.94167 1.68034 0.5)
(8.67924 -2.13585 0.5)
(9.20338 -1.22414 0.5)
(8.45721 -1.62264 0.5)
(8.71928 -1.16678 0.5)
(8.94131 -1.68 0.5)
(-7.68437 1.21921 0.5)
(7.68624 -1.2165 0.5)
(-0.254623 4.21195 0.5)
(0.802468 4.15615 0.5)
(0.135847 4.60598 0.5)
(0.664392 4.57807 0.5)
(0.273923 4.18405 0.5)
(0.252443 -4.21552 0.5)
(-0.802794 -4.15668 0.5)
(-0.136937 -4.60776 0.5)
(-0.664555 -4.57834 0.5)
(-0.275176 -4.1861 0.5)
(-2.1894 -0.368938 0.5)
(-1.75708 0.00268396 0.5)
(-2.26456 -0.125338 0.5)
(-2.0484 0.0604727 0.5)
(-1.97324 -0.183127 0.5)
(2.19603 0.36398 0.5)
(1.7584 -0.00402016 0.5)
(2.26869 0.123754 0.5)
(2.04988 -0.0602464 0.5)
(1.97721 0.17998 0.5)
(-3.51408 -2.90058 0.5)
(-3.85894 -2.62416 0.5)
(3.85235 2.627 0.5)
(3.49757 2.90204 0.5)
(6.75599 1.5066 0.5)
(7.18855 0.83748 0.5)
(6.97227 1.17204 0.5)
(7.11243 1.72894 0.5)
(7.32871 1.39438 0.5)
(-6.75215 -1.49848 0.5)
(-7.17034 -0.827315 0.5)
(-7.1201 -1.72375 0.5)
(-7.32919 -1.38817 0.5)
(-6.96124 -1.1629 0.5)
(5.31752 2.70041 0.5)
(4.57864 2.10471 0.5)
(4.76437 2.67507 0.5)
(4.94808 2.40256 0.5)
(4.39492 2.37722 0.5)
(-5.31946 -2.6866 0.5)
(-4.57497 -2.10809 0.5)
(-4.76114 -2.66634 0.5)
(-4.94722 -2.39734 0.5)
(-4.38889 -2.37709 0.5)
(-1.66636 -2.72217 0.5)
(-1.50466 -1.93635 0.5)
(-1.33888 -2.54361 0.5)
(-1.58551 -2.32926 0.5)
(-1.25803 -2.1507 0.5)
(1.66838 2.72218 0.5)
(1.51016 1.93859 0.5)
(1.34118 2.54363 0.5)
(1.58927 2.33038 0.5)
(1.26207 2.15183 0.5)
(-3.1558 -3.09987 0.5)
(3.15008 3.10031 0.5)
(-2.69376 -0.700864 0.5)
(-2.79546 -1.37813 0.5)
(-3.00986 -0.826305 0.5)
(-2.74461 -1.0395 0.5)
(-3.06071 -1.16494 0.5)
(2.69523 0.697184 0.5)
(2.79562 1.37773 0.5)
(3.00758 0.836161 0.5)
(2.74543 1.03745 0.5)
(3.05778 1.17643 0.5)
(-3.73885 -1.38562 0.5)
(-3.5324 -1.16868 0.5)
(-3.87835 -1.00357 0.5)
(3.732 1.39249 0.5)
(3.87186 1.01881 0.5)
(3.52597 1.18381 0.5)
(-1.67271 -0.452571 0.5)
(-1.71489 -0.224944 0.5)
(-1.93106 -0.410754 0.5)
(1.67443 0.448277 0.5)
(1.71641 0.222129 0.5)
(1.93523 0.406129 0.5)
(-2.05368 -0.844747 0.5)
(-1.91829 -1.42624 0.5)
(-1.54156 -0.884267 0.5)
(-1.98598 -1.13549 0.5)
(-1.79762 -0.864507 0.5)
(-1.72992 -1.15525 0.5)
(2.05577 0.839514 0.5)
(1.92074 1.42571 0.5)
(1.54175 0.88379 0.5)
(1.98826 1.13261 0.5)
(1.79876 0.861652 0.5)
(1.73125 1.15475 0.5)
(-5.95604 -1.46098 0.5)
(-6.3233 -2.20164 0.5)
(-5.24397 -1.88586 0.5)
(-6.13967 -1.83131 0.5)
(-5.60001 -1.67342 0.5)
(-5.78364 -2.04375 0.5)
(5.95786 1.47765 0.5)
(6.32871 2.21247 0.5)
(5.25082 1.87305 0.5)
(6.14328 1.84506 0.5)
(5.60434 1.67535 0.5)
(5.78977 2.04276 0.5)
(-5.28172 -2.28623 0.5)
(-5.82138 -2.44412 0.5)
(5.28417 2.28673 0.5)
(5.82312 2.45644 0.5)
(7.63388 0.881461 0.5)
(-7.62235 -0.872137 0.5)
(8.90948 3.91158 0.5)
(9.1411 2.93264 0.5)
(9.45474 3.90024 0.5)
(9.57055 3.41076 0.5)
(9.02529 3.42211 0.5)
(-8.90894 -3.91056 0.5)
(-9.1411 -2.93264 0.5)
(-9.45447 -3.89973 0.5)
(-9.57055 -3.41076 0.5)
(-9.02502 -3.4216 0.5)
(-2.12842 -2.08134 0.5)
(-1.89739 -2.40175 0.5)
(-1.81654 -2.00885 0.5)
(2.12842 2.08134 0.5)
(1.8984 2.40176 0.5)
(1.81929 2.00996 0.5)
(-3.28011 -1.62661 0.5)
(-3.03778 -1.50237 0.5)
(-3.30303 -1.28918 0.5)
(3.26697 1.6463 0.5)
(3.0313 1.51201 0.5)
(3.29345 1.31072 0.5)
(-6.09067 1.17396 0.5)
(-5.67209 1.45858 0.5)
(-6.21422 1.57036 0.5)
(6.10552 -1.17448 0.5)
(5.67296 -1.45763 0.5)
(6.21975 -1.57183 0.5)
(-0.39825 2.87278 0.5)
(-0.224689 2.61452 0.5)
(0.0180833 2.8585 0.5)
(0.397282 -2.87442 0.5)
(0.224206 -2.61536 0.5)
(-0.0185046 -2.85942 0.5)
(3.83114 2.00817 0.5)
(3.08872 1.89416 0.5)
(3.3708 2.0751 0.5)
(3.54905 1.82723 0.5)
(-3.83405 -2.00527 0.5)
(-3.09581 -1.88352 0.5)
(-3.37278 -2.07285 0.5)
(-3.55708 -1.81594 0.5)
(4.89276 3.01381 0.5)
(-4.89022 -3.01161 0.5)
(-1.34755 -1.32048 0.5)
(-1.44456 -1.10238 0.5)
(-1.63292 -1.37336 0.5)
(1.34992 1.32045 0.5)
(1.44584 1.10212 0.5)
(1.63533 1.37308 0.5)
(-1.94774 0.37234 0.5)
(-2.14374 0.245301 0.5)
(-1.85241 0.187512 0.5)
(1.94774 -0.37234 0.5)
(2.14455 -0.244406 0.5)
(1.85307 -0.18818 0.5)
(-3.81092 0.0552687 0.5)
(-3.44739 0.222789 0.5)
(-3.17691 0.0550746 0.5)
(-3.54044 -0.112446 0.5)
(3.79354 -0.0516886 0.5)
(3.18831 -0.0589874 0.5)
(3.54226 0.105817 0.5)
(3.43959 -0.216492 0.5)
(-0.178425 -0.571424 0.5)
(0.178432 0.571183 0.5)
(7.38721 -3.86039 0.5)
(8.18438 -2.91161 0.5)
(7.44539 -2.74128 0.5)
(7.78579 -3.386 0.5)
(7.4163 -3.30083 0.5)
(7.81488 -2.82644 0.5)
(-7.39368 3.85558 0.5)
(-8.19218 2.90582 0.5)
(-7.44729 2.73987 0.5)
(-7.79293 3.3807 0.5)
(-7.42049 3.29773 0.5)
(-7.81974 2.82284 0.5)
(1.20208 -0.737354 0.5)
(1.47848 -0.773735 0.5)
(1.49134 -0.990536 0.5)
(1.21495 -0.954155 0.5)
(-1.20201 0.736624 0.5)
(-1.47844 0.77337 0.5)
(-1.49132 0.989955 0.5)
(-1.21489 0.953209 0.5)
(-9.43105 0.290826 0.5)
(-9.43105 -0.26473 0.5)
(9.43065 -0.293178 0.5)
(9.43065 0.262378 0.5)
(7.64097 -4.43019 0.5)
(7.11466 -4.43019 0.5)
(-7.11789 4.42779 0.5)
(-7.64421 4.42779 0.5)
(-5.02502 -3.99244 0.5)
(-4.743 -3.66453 0.5)
(-4.65065 -4.13456 0.5)
(5.02299 3.99231 0.5)
(4.74549 3.65976 0.5)
(4.6501 4.13387 0.5)
(-3.91439 -0.283126 0.5)
(3.90263 0.296719 0.5)
(9.13973 1.14259 0.5)
(8.87384 1.5727 0.5)
(8.60947 1.03402 0.5)
(-9.1387 -1.14109 0.5)
(-8.87107 -1.56764 0.5)
(-8.60653 -1.02902 0.5)
(-8.50886 3.63774 0.5)
(-7.95127 3.74666 0.5)
(-8.35052 3.27178 0.5)
(8.50958 -3.64972 0.5)
(8.34698 -3.28066 0.5)
(7.94839 -3.75505 0.5)
(9.57055 2.85521 0.5)
(-9.57055 -2.85521 0.5)
(8.45045 4.60728 0.5)
(8.92842 4.45579 0.5)
(8.4315 4.06307 0.5)
(-8.45045 -4.60728 0.5)
(-8.92816 -4.45528 0.5)
(-8.43123 -4.06256 0.5)
(-0.227208 -1.84425 0.5)
(0.227213 1.84406 0.5)
(2.94077 -3.2099 0.5)
(3.51411 -2.40513 0.5)
(2.59007 -2.5511 0.5)
(3.22744 -2.80751 0.5)
(2.76542 -2.8805 0.5)
(3.05209 -2.47811 0.5)
(-2.94227 3.2072 0.5)
(-3.51278 2.40562 0.5)
(-2.59131 2.54908 0.5)
(-3.22752 2.80641 0.5)
(-2.76679 2.87814 0.5)
(-3.05204 2.47735 0.5)
(0.941374 -1.99514 0.5)
(-0.94142 1.99477 0.5)
(-0.70819 -0.656224 0.5)
(0.708187 0.655888 0.5)
(9.03234 -0.627471 0.5)
(-9.03272 0.625324 0.5)
(-0.214299 1.27228 0.5)
(-0.0521246 1.13732 0.5)
(-0.124515 1.466 0.5)
(0.214534 -1.28093 0.5)
(0.0522906 -1.14344 0.5)
(0.124637 -1.4705 0.5)
(7.83051 -2.03809 0.5)
(8.03285 -1.57376 0.5)
(8.25487 -2.08697 0.5)
(-7.83139 2.03819 0.5)
(-8.03238 1.57787 0.5)
(-8.25569 2.08715 0.5)
(-3.03982 1.17086 0.5)
(-3.8475 0.757467 0.5)
(-3.44366 0.964164 0.5)
(-3.06184 0.780585 0.5)
(-3.46568 0.573889 0.5)
(3.03982 -1.17086 0.5)
(3.84671 -0.756352 0.5)
(3.44327 -0.963606 0.5)
(3.06273 -0.776078 0.5)
(3.46617 -0.568824 0.5)
(4.4601 1.3849 0.5)
(4.23592 1.01502 0.5)
(4.09605 1.3887 0.5)
(-4.46087 -1.38324 0.5)
(-4.09986 -1.38443 0.5)
(-4.23936 -1.00238 0.5)
(0.397673 -1.00049 0.5)
(0.332676 -0.843582 0.5)
(0.14386 -1.00323 0.5)
(-0.41114 0.991106 0.5)
(-0.150545 0.996732 0.5)
(-0.339325 0.835767 0.5)
(-0.751653 -0.00580927 0.5)
(-0.625063 -0.218534 0.5)
(-0.876717 -0.224343 0.5)
(0.752866 0.0049397 0.5)
(0.624987 0.218594 0.5)
(0.877852 0.223533 0.5)
(9.00052 0.555897 0.5)
(-9.0004 -0.557496 0.5)
(3.67721 -1.60406 0.5)
(3.35851 -1.38746 0.5)
(3.76196 -1.18021 0.5)
(-3.67721 1.60406 0.5)
(-3.35851 1.38746 0.5)
(-3.76236 1.18077 0.5)
(-6.61467 0.225726 0.5)
(-6.23898 0.508238 0.5)
(6.61124 -0.22508 0.5)
(6.24334 -0.51065 0.5)
(4.36549 -1.41327 0.5)
(4.7376 -0.888951 0.5)
(4.55154 -1.15111 0.5)
(4.1061 -1.08481 0.5)
(4.29215 -0.822652 0.5)
(-4.36636 1.41343 0.5)
(-4.73813 0.89025 0.5)
(-4.55224 1.15184 0.5)
(-4.10693 1.08545 0.5)
(-4.29282 0.823859 0.5)
(0.682823 -0.637709 0.5)
(0.860529 -0.52597 0.5)
(1.12016 -0.575793 0.5)
(0.942453 -0.687532 0.5)
(-0.684109 0.636209 0.5)
(-0.861041 0.525483 0.5)
(-1.11999 0.575691 0.5)
(-0.943058 0.686417 0.5)
(5.01477 -2.91217 0.5)
(-5.05039 2.91731 0.5)
(-4.46866 0.132622 0.5)
(-5.17474 0.318873 0.5)
(-4.91505 -0.565916 0.5)
(-4.8217 0.225747 0.5)
(-4.69185 -0.216647 0.5)
(-5.04489 -0.123521 0.5)
(4.47863 -0.124644 0.5)
(5.17807 -0.318713 0.5)
(4.92002 0.564191 0.5)
(4.82835 -0.221679 0.5)
(4.69932 0.219773 0.5)
(5.04904 0.122739 0.5)
(0.0733744 3.54234 0.5)
(-0.162438 3.20756 0.5)
(0.253896 3.19328 0.5)
(-0.074477 -3.54414 0.5)
(0.161402 -3.20928 0.5)
(-0.254384 -3.19428 0.5)
(-0.390469 4.60598 0.5)
(0.389379 -4.60776 0.5)
(0.437921 3.84924 0.5)
(-0.0906241 3.87715 0.5)
(-0.438636 -3.85041 0.5)
(0.0889828 -3.87983 0.5)
(4.02135 -1.50867 0.5)
(-4.02179 1.50875 0.5)
(-2.23482 3.28153 0.5)
(-2.6805 3.65261 0.5)
(-2.32678 3.68977 0.5)
(-2.58854 3.24436 0.5)
(2.22368 -3.29974 0.5)
(2.67524 -3.66135 0.5)
(2.31669 -3.70627 0.5)
(2.58222 -3.25482 0.5)
(-4.15808 0.445045 0.5)
(-4.60339 0.511436 0.5)
(4.16267 -0.440498 0.5)
(4.60811 -0.506798 0.5)
(1.69987 4.33065 0.5)
(2.31978 4.04614 0.5)
(2.16573 4.66533 0.5)
(2.47568 4.52307 0.5)
(2.00983 4.1884 0.5)
(-1.69987 -4.33065 0.5)
(-2.31422 -4.04688 0.5)
(-2.16573 -4.66533 0.5)
(-2.4729 -4.52344 0.5)
(-2.00705 -4.18877 0.5)
(9.60169 -0.889849 0.5)
(-9.60167 0.890054 0.5)
(-1.50544 1.61773 0.5)
(-1.48028 1.27948 0.5)
(1.50542 -1.61783 0.5)
(1.48029 -1.28017 0.5)
(-2.32282 -2.6456 0.5)
(-2.56066 -2.82321 0.5)
(-2.61717 -2.39301 0.5)
(2.32295 2.64582 0.5)
(2.56072 2.82331 0.5)
(2.61671 2.39392 0.5)
(0.818786 -1.00691 0.5)
(1.01043 -0.872132 0.5)
(0.750805 -0.82231 0.5)
(-0.81863 1.00114 0.5)
(-1.01032 0.868884 0.5)
(-0.75137 0.818676 0.5)
(-0.729387 1.22975 0.5)
(-1.0232 1.08547 0.5)
(0.729529 -1.23498 0.5)
(1.0233 -1.08893 0.5)
(-6.72671 2.87131 0.5)
(-7.0602 3.36345 0.5)
(-7.087 2.80559 0.5)
(6.7083 -2.86875 0.5)
(7.04775 -3.36457 0.5)
(7.07684 -2.80502 0.5)
(3.66231 2.30622 0.5)
(-3.67456 -2.30376 0.5)
(4.42997 -2.10218 0.5)
(3.59566 -2.00459 0.5)
(4.05359 -1.85312 0.5)
(3.97204 -2.25365 0.5)
(-4.42338 2.10092 0.5)
(-3.59499 2.00484 0.5)
(-4.0503 1.85249 0.5)
(-3.96808 2.25327 0.5)
(-6.77327 3.69682 0.5)
(-6.43978 3.20468 0.5)
(6.74956 -3.69803 0.5)
(6.41011 -3.20221 0.5)
(-3.82921 0.406368 0.5)
(3.82013 -0.40402 0.5)
(5.85063 3.60984 0.5)
(6.31988 3.00528 0.5)
(6.4227 3.66945 0.5)
(6.65733 3.36717 0.5)
(6.08526 3.30756 0.5)
(-5.85084 -3.60738 0.5)
(-6.32398 -2.99695 0.5)
(-6.42281 -3.66822 0.5)
(-6.65938 -3.363 0.5)
(-6.08741 -3.30216 0.5)
(-3.65957 3.22902 0.5)
(-3.30092 3.21811 0.5)
(-3.58617 2.81732 0.5)
(3.64219 -3.20146 0.5)
(3.29148 -3.20568 0.5)
(3.57815 -2.80329 0.5)
(3.49948 1.51939 0.5)
(-3.50948 -1.50611 0.5)
(-2.00084 2.71933 0.5)
(-2.04255 1.96242 0.5)
(-1.59742 2.40257 0.5)
(-2.02169 2.34087 0.5)
(-1.79913 2.56095 0.5)
(-1.81999 2.18249 0.5)
(2.00084 -2.71933 0.5)
(2.04231 -1.96282 0.5)
(1.59611 -2.40473 0.5)
(2.02157 -2.34107 0.5)
(1.79847 -2.56203 0.5)
(1.81921 -2.18377 0.5)
(6.30224 -4.32085 0.5)
(6.84472 -4.09062 0.5)
(6.20708 -3.92826 0.5)
(-6.29388 4.31613 0.5)
(-6.84378 4.08586 0.5)
(-6.22336 3.92709 0.5)
(-5.42065 0.935258 0.5)
(-5.33708 1.33923 0.5)
(-5.75566 1.05461 0.5)
(5.42494 -0.939937 0.5)
(5.33267 -1.34035 0.5)
(5.76523 -1.05721 0.5)
(-8.87227 -2.46342 0.5)
(-8.59162 -3.00403 0.5)
(8.87453 2.46773 0.5)
(8.59403 3.00863 0.5)
(7.06484 2.82588 0.5)
(7.02981 3.27747 0.5)
(7.52087 3.40684 0.5)
(7.5559 2.95525 0.5)
(-7.05941 -2.81553 0.5)
(-7.02709 -3.27229 0.5)
(-7.51845 -3.40224 0.5)
(-7.55077 -2.94548 0.5)
(1.43004 1.62952 0.5)
(1.71545 1.68215 0.5)
(-1.4261 -1.62842 0.5)
(-1.71147 -1.68129 0.5)
(-0.516075 -1.71269 0.5)
(0.51609 1.71241 0.5)
(-5.30986 -0.424716 0.5)
(-5.4397 0.0176783 0.5)
(5.31234 0.423853 0.5)
(5.44137 -0.0175984 0.5)
(-3.35322 4.07152 0.5)
(-3.14774 3.63936 0.5)
(-2.88598 4.08477 0.5)
(3.35104 -4.07208 0.5)
(3.1459 -3.64099 0.5)
(2.88037 -4.09243 0.5)
(1.06691 -2.64387 0.5)
(1.1725 -2.24508 0.5)
(0.835789 -2.39394 0.5)
(-1.06691 2.64387 0.5)
(-1.1725 2.24508 0.5)
(-0.835835 2.39356 0.5)
(-0.711544 0.284694 0.5)
(-0.605772 0.142347 0.5)
(-0.857425 0.136538 0.5)
(0.710848 -0.278845 0.5)
(0.605424 -0.139422 0.5)
(0.85829 -0.134483 0.5)
(2.8488 -1.88897 0.5)
(3.26301 -1.74652 0.5)
(2.94431 -1.52991 0.5)
(-2.8488 1.88897 0.5)
(-3.26301 1.74652 0.5)
(-2.94431 1.52991 0.5)
(2.19159 -0.541842 0.5)
(1.85131 -0.591228 0.5)
(-2.19159 0.541842 0.5)
(-1.85131 0.591228 0.5)
(-2.37372 -0.772806 0.5)
(-2.44158 -0.534901 0.5)
(-2.12154 -0.606842 0.5)
(2.3755 0.768349 0.5)
(2.44563 0.530582 0.5)
(2.1259 0.601747 0.5)
(2.71944 -2.22004 0.5)
(3.18146 -2.14705 0.5)
(-2.72006 2.21902 0.5)
(-3.18079 2.14729 0.5)
(-2.36151 -1.19445 0.5)
(-2.52764 -0.947658 0.5)
(-2.2076 -1.0196 0.5)
(2.36238 1.19312 0.5)
(2.52881 0.945153 0.5)
(2.20908 1.01632 0.5)
(-7.27373 -2.38228 0.5)
(-6.90567 -2.07533 0.5)
(-6.69136 -2.50859 0.5)
(6.89879 2.08187 0.5)
(6.69678 2.51917 0.5)
(7.26685 2.38858 0.5)
(6.57217 -4.66043 0.5)
(-6.56799 4.65806 0.5)
(4.39773 -1.75773 0.5)
(-4.39487 1.75718 0.5)
(-2.29607 2.6342 0.5)
(-2.31693 2.25575 0.5)
(2.29546 -2.63522 0.5)
(2.31619 -2.25696 0.5)
(-8.4067 4.35452 0.5)
(-7.90019 4.10505 0.5)
(-8.45778 3.99613 0.5)
(8.39733 -4.36146 0.5)
(8.45346 -4.00559 0.5)
(7.89227 -4.11092 0.5)
(-9.42807 2.18565 0.5)
(-9.05403 2.16088 0.5)
(-9.31571 1.7051 0.5)
(9.42807 -2.18565 0.5)
(9.05365 -2.16075 0.5)
(9.31572 -1.70489 0.5)
(4.24518 0.260241 0.5)
(4.13608 -0.0881664 0.5)
(-4.24326 -0.24445 0.5)
(-4.13979 0.0939455 0.5)
(-6.34794 0.87974 0.5)
(-6.61303 1.24741 0.5)
(6.35193 -0.879355 0.5)
(6.62141 -1.24903 0.5)
(-6.53773 -1.85006 0.5)
(6.54235 1.85953 0.5)
(4.46588 0.604659 0.5)
(-4.46645 -0.593719 0.5)
(1.63941 4.66533 0.5)
(-1.63941 -4.66533 0.5)
(-1.25133 -4.24367 0.5)
(-1.19087 -4.57834 0.5)
(1.19071 4.57807 0.5)
(1.25117 4.2434 0.5)
(6.28865 4.30187 0.5)
(6.64171 4.01546 0.5)
(6.06964 3.95586 0.5)
(-6.28865 -4.30187 0.5)
(-6.64171 -4.01546 0.5)
(-6.06974 -3.95462 0.5)
(-4.98093 4.56081 0.5)
(-5.50724 4.56081 0.5)
(5.49632 -4.56402 0.5)
(4.97001 -4.56402 0.5)
(-6.73657 1.64381 0.5)
(6.73564 -1.64637 0.5)
(8.00024 3.64959 0.5)
(-7.99783 -3.64499 0.5)
(-2.98186 -0.490513 0.5)
(2.99311 0.480253 0.5)
(8.14603 -4.68073 0.5)
(-8.15072 4.67726 0.5)
(2.99131 -4.53604 0.5)
(3.51762 -4.53604 0.5)
(-2.9924 4.53576 0.5)
(-3.51872 4.53576 0.5)
(2.40703 1.64437 0.5)
(2.85304 1.75987 0.5)
(2.60132 1.51105 0.5)
(2.65874 1.89319 0.5)
(-2.40668 -1.64449 0.5)
(-2.85349 -1.75928 0.5)
(-2.60107 -1.51131 0.5)
(-2.6591 -1.89246 0.5)
(-0.525642 1.22473 0.5)
(-0.614885 0.996125 0.5)
(0.518972 -1.23177 0.5)
(0.608229 -1.0037 0.5)
(0.306103 -1.14071 0.5)
(0.427403 -1.37199 0.5)
(-0.427222 1.36531 0.5)
(-0.31272 1.13169 0.5)
(-9.56935 -0.848322 0.5)
(9.56986 0.849074 0.5)
(-9.15267 3.06188 0.5)
(-9.18178 4.15816 0.5)
(-9.57633 3.47538 0.5)
(-9.59089 4.02352 0.5)
(-9.16722 3.61002 0.5)
(9.1536 -3.06606 0.5)
(9.17845 -4.16888 0.5)
(9.5768 -3.47748 0.5)
(9.58923 -4.02889 0.5)
(9.16603 -3.61747 0.5)
(-1.59912 0.177041 0.5)
(-1.56451 -0.065029 0.5)
(1.5999 -0.177792 0.5)
(1.56602 0.0621623 0.5)
(2.52064 -4.5564 0.5)
(-2.52516 4.54901 0.5)
(-7.07551 0.0158907 0.5)
(7.07508 -0.0184666 0.5)
(-5.19113 -3.36886 0.5)
(-5.58515 -3.14699 0.5)
(-5.2553 -3.02773 0.5)
(-5.52099 -3.48812 0.5)
(5.20456 3.35085 0.5)
(5.58408 3.15513 0.5)
(5.26104 3.02563 0.5)
(5.5276 3.48035 0.5)
(-6.56538 -4.65093 0.5)
(6.56538 4.65093 0.5)
(1.22784 0.478339 0.5)
(0.988905 0.457763 0.5)
(1.11678 0.244109 0.5)
(-1.23325 -0.471045 0.5)
(-1.11828 -0.241332 0.5)
(-0.991687 -0.454057 0.5)
(0.86297 -3.51418 0.5)
(0.732098 -2.75915 0.5)
(0.964942 -3.07903 0.5)
(0.630126 -3.1943 0.5)
(-0.870715 3.50152 0.5)
(-0.732582 2.75833 0.5)
(-0.968814 3.07269 0.5)
(-0.634483 3.18715 0.5)
(0.500973 -2.50921 0.5)
(-0.501504 2.50802 0.5)
(-5.82172 -2.84177 0.5)
(5.8187 2.85285 0.5)
(-3.02945 -4.33812 0.5)
(-3.35683 -4.66906 0.5)
(-3.64806 -4.46526 0.5)
(-3.32069 -4.13432 0.5)
(3.02957 4.33797 0.5)
(3.64851 4.46466 0.5)
(3.32119 4.13365 0.5)
(3.35689 4.66898 0.5)
(-2.26755 -1.86292 0.5)
(-2.51997 -2.11088 0.5)
(2.26772 1.86285 0.5)
(2.51944 2.11168 0.5)
(4.51937 1.74481 0.5)
(4.91473 1.98888 0.5)
(4.85546 1.62898 0.5)
(-4.51792 -1.74566 0.5)
(-4.90947 -1.99698 0.5)
(-4.85242 -1.63455 0.5)
(5.20279 1.2518 0.5)
(5.2268 1.56242 0.5)
(4.83145 1.31835 0.5)
(-5.21043 -1.24981 0.5)
(-5.2272 -1.56784 0.5)
(-4.83565 -1.31653 0.5)
(-3.98024 -4.63834 0.5)
(3.98071 4.63771 0.5)
(-5.58377 -4.34141 0.5)
(-4.88093 -4.49622 0.5)
(-5.16031 -4.6707 0.5)
(-5.3044 -4.16692 0.5)
(5.58348 4.34172 0.5)
(4.87992 4.49616 0.5)
(5.16016 4.67086 0.5)
(5.30324 4.16702 0.5)
(-5.75944 4.21887 0.5)
(5.75271 -4.22444 0.5)
(5.66713 0.896778 0.5)
(5.6859 0.590147 0.5)
(6.02156 0.874048 0.5)
(-5.66724 -0.89452 0.5)
(-5.68596 -0.589018 0.5)
(-6.02357 -0.866995 0.5)
(-1.08659 -0.846077 0.5)
(-1.15992 -0.658561 0.5)
(-0.918356 -0.641573 0.5)
(1.0878 0.843045 0.5)
(1.15782 0.660692 0.5)
(0.918887 0.640116 0.5)
(0.874541 -0.346538 0.5)
(-0.874759 0.349726 0.5)
(2.73763 -0.941102 0.5)
(-2.73763 0.941102 0.5)
(-9.39881 -2.12387 0.5)
(-9.00112 -2.05903 0.5)
(-9.26876 -1.63248 0.5)
(9.39942 2.12502 0.5)
(9.00369 2.06392 0.5)
(9.26957 1.63381 0.5)
(-2.44568 1.92569 0.5)
(2.44555 -1.92589 0.5)
(2.22568 2.36358 0.5)
(-2.22562 -2.36347 0.5)
(-4.68796 -0.974579 0.5)
(4.69006 0.974548 0.5)
(-6.04167 4.65806 0.5)
(6.04586 -4.66043 0.5)
(0.394247 -3.52916 0.5)
(-0.39867 3.52193 0.5)
(-9.69941 -1.89527 0.5)
(-9.56935 -1.40388 0.5)
(9.69971 1.89584 0.5)
(9.56986 1.40463 0.5)
(-5.68662 -4.6707 0.5)
(5.68647 4.67086 0.5)
(-2.57849 -1.28629 0.5)
(2.579 1.28542 0.5)
(1.54352 -3.10146 0.5)
(1.30522 -2.87267 0.5)
(1.20325 -3.30782 0.5)
(-1.55342 3.08528 0.5)
(-1.31017 2.86458 0.5)
(-1.21207 3.2934 0.5)
(0.949317 1.19191 0.5)
(0.807859 1.03325 0.5)
(0.74617 1.29417 0.5)
(-0.949317 -1.19191 0.5)
(-0.807785 -1.03364 0.5)
(-0.746156 -1.29444 0.5)
(4.24326 -3.65698 0.5)
(4.22174 -4.38684 0.5)
(4.2325 -4.02191 0.5)
(4.72322 -3.89251 0.5)
(4.71246 -4.25743 0.5)
(-4.26007 3.65775 0.5)
(-4.229 4.38378 0.5)
(-4.24453 4.02076 0.5)
(-4.74254 3.88968 0.5)
(-4.727 4.2527 0.5)
(-0.876419 -0.860728 0.5)
(0.8771 0.858817 0.5)
(-7.34862 -0.330734 0.5)
(7.35729 0.33324 0.5)
(-1.07709 -2.99222 0.5)
(-1.37173 -2.85719 0.5)
(-1.04425 -2.67864 0.5)
(1.07709 2.99222 0.5)
(1.37273 2.8572 0.5)
(1.04553 2.67865 0.5)
(-2.02335 -1.75379 0.5)
(2.02458 1.75353 0.5)
(-9.57633 2.91983 0.5)
(9.5768 -2.92192 0.5)
(4.989 -1.31486 0.5)
(4.80294 -1.57702 0.5)
(-4.99582 1.31673 0.5)
(-4.80993 1.57832 0.5)
(1.6602 -1.90455 0.5)
(1.88754 -1.6761 0.5)
(-1.66032 1.90435 0.5)
(-1.88767 1.67579 0.5)
(7.08495 -2.14054 0.5)
(6.89663 -2.50465 0.5)
(6.52114 -2.41896 0.5)
(6.70947 -2.05485 0.5)
(-7.08495 2.14054 0.5)
(-6.90583 2.50592 0.5)
(-6.53224 2.41904 0.5)
(-6.71136 2.05365 0.5)
(6.3243 2.60887 0.5)
(-6.32364 -2.59929 0.5)
(2.58681 -1.60233 0.5)
(2.68232 -1.24328 0.5)
(-2.58681 1.60233 0.5)
(-2.68232 1.24328 0.5)
(6.25749 -2.78518 0.5)
(-6.27632 2.77476 0.5)
(-1.99459 -2.68389 0.5)
(1.99566 2.684 0.5)
(-5.06274 -0.907864 0.5)
(5.0614 0.907995 0.5)
(-0.983729 -1.70324 0.5)
(-0.736442 -1.86583 0.5)
(-0.763362 -1.5501 0.5)
(0.984893 1.70343 0.5)
(0.737025 1.8659 0.5)
(0.763958 1.54993 0.5)
(8.47822 3.4981 0.5)
(-8.47554 -3.49299 0.5)
(1.33151 -2.5243 0.5)
(1.43709 -2.12551 0.5)
(-1.33217 2.52322 0.5)
(-1.43775 2.12443 0.5)
(4.47929 -4.69342 0.5)
(-4.48292 4.69189 0.5)
(5.08127 -0.914444 0.5)
(-5.07939 0.912754 0.5)
(-9.59089 4.57908 0.5)
(9.58923 -4.58444 0.5)
(-9.06457 4.57908 0.5)
(9.06291 -4.58444 0.5)
(2.18356 -1.63926 0.5)
(-2.18368 1.63906 0.5)
(1.24753 1.82101 0.5)
(1.16741 1.51194 0.5)
(-1.16564 -1.51186 0.5)
(-1.24419 -1.8198 0.5)
(-8.84532 3.89795 0.5)
(-8.83076 3.34981 0.5)
(8.84402 -3.9093 0.5)
(8.83159 -3.35789 0.5)
(3.78157 1.70033 0.5)
(4.14562 1.69654 0.5)
(-3.78645 -1.69545 0.5)
(-4.14746 -1.69426 0.5)
(-3.00237 -0.226466 0.5)
(3.01599 0.224068 0.5)
(-7.48338 1.67952 0.5)
(7.4839 -1.68083 0.5)
(1.47449 3.57721 0.5)
(2.17762 3.30859 0.5)
(1.82605 3.4429 0.5)
(1.89714 3.81167 0.5)
(2.2487 3.67736 0.5)
(-1.47482 -3.57677 0.5)
(-2.17762 -3.30859 0.5)
(-1.89452 -3.81182 0.5)
(-2.24592 -3.67774 0.5)
(-1.82622 -3.44268 0.5)
(4.29829 -2.84394 0.5)
(4.36413 -2.47306 0.5)
(3.9062 -2.62453 0.5)
(-4.29829 2.84394 0.5)
(-4.36084 2.47243 0.5)
(-3.90554 2.62478 0.5)
(-6.69169 -2.90624 0.5)
(6.69236 2.91558 0.5)
(-0.997566 -2.03415 0.5)
(0.999435 2.03425 0.5)
(3.49661 -3.63677 0.5)
(-3.5064 3.65027 0.5)
(4.83628 3.33904 0.5)
(-4.82605 -3.35274 0.5)
(2.89932 3.66043 0.5)
(2.84891 3.33062 0.5)
(2.48806 3.1547 0.5)
(2.53847 3.48451 0.5)
(-2.89859 -3.66066 0.5)
(-2.84854 -3.33074 0.5)
(-2.48806 -3.1547 0.5)
(-2.53811 -3.48463 0.5)
(-3.97893 3.03648 0.5)
(3.97024 -3.0227 0.5)
(-0.967719 3.89049 0.5)
(-1.26704 3.66278 0.5)
(1.26564 -3.68533 0.5)
(0.95791 -3.90653 0.5)
(2.71811 0.440999 0.5)
(-2.71427 -0.436818 0.5)
(-7.11016 1.7307 0.5)
(7.11112 -1.73206 0.5)
(4.6413 -3.4627 0.5)
(-4.66642 3.46311 0.5)
(3.79715 -3.86453 0.5)
(3.78639 -4.22946 0.5)
(-3.80664 3.86463 0.5)
(-3.79111 4.22765 0.5)
(0.557707 -3.86485 0.5)
(-0.562669 3.85673 0.5)
(3.94273 -3.42922 0.5)
(-3.95982 3.44338 0.5)
(1.56981 -2.7531 0.5)
(-1.57542 2.74393 0.5)
(-2.46209 -0.270855 0.5)
(2.46851 0.274397 0.5)
(-1.60839 3.45466 0.5)
(1.60591 -3.47897 0.5)
(0.310616 -0.520114 0.5)
(0.518188 -0.495631 0.5)
(0.475251 -0.662192 0.5)
(-0.310532 0.516991 0.5)
(-0.518831 0.494881 0.5)
(-0.475809 0.658319 0.5)
(0.789583 -4.64944 0.5)
(-0.79552 4.63973 0.5)
(1.58718 3.95393 0.5)
(-1.58735 -3.95371 0.5)
(9.60169 -1.4454 0.5)
(-9.60167 1.44561 0.5)
(1.60809 0.666034 0.5)
(1.45113 0.463308 0.5)
(1.38479 0.681064 0.5)
(-1.60714 -0.668419 0.5)
(-1.45298 -0.461808 0.5)
(-1.3874 -0.677656 0.5)
(-5.58324 -1.3554 0.5)
(5.58032 1.36473 0.5)
(2.60955 3.85328 0.5)
(-2.60641 -3.85377 0.5)
(-1.57059 -3.14947 0.5)
(-1.27596 -3.28449 0.5)
(1.57143 3.1497 0.5)
(1.27579 3.28471 0.5)
(3.95298 -4.69342 0.5)
(-3.9566 4.69189 0.5)
(1.30073 0.303342 0.5)
(-1.30259 -0.301893 0.5)
(0.967105 1.44767 0.5)
(-0.966523 -1.44758 0.5)
(-6.03906 -4.65093 0.5)
(6.03906 4.65093 0.5)
(5.43496 1.07429 0.5)
(5.29357 0.730484 0.5)
(-5.29115 -0.730218 0.5)
(-5.43884 -1.07217 0.5)
(-5.10807 -3.68065 0.5)
(5.11378 3.67158 0.5)
(4.20489 2.05644 0.5)
(-4.20451 -2.05668 0.5)
(1.52403 0.288311 0.5)
(-1.52232 -0.292657 0.5)
(-0.755691 -2.91832 0.5)
(0.755754 2.91822 0.5)
(-1.8632 -0.648659 0.5)
(1.8651 0.643895 0.5)
(-9.71404 1.92616 0.5)
(9.71404 -1.92616 0.5)
(1.31478 0.863418 0.5)
(1.21886 1.08175 0.5)
(-1.31407 -0.865172 0.5)
(-1.21707 -1.08328 0.5)
(2.83057 4.66898 0.5)
(-2.83052 -4.66906 0.5)
(-9.46214 -4.44299 0.5)
(-9.20475 -4.7215 0.5)
(-9.18554 -4.17678 0.5)
(9.46214 4.44299 0.5)
(9.20475 4.7215 0.5)
(9.18581 4.17729 0.5)
(-0.532549 0.319124 0.5)
(0.532201 -0.316199 0.5)
(7.63795 -2.38968 0.5)
(8.00745 -2.47485 0.5)
(-7.63934 2.38903 0.5)
(-8.01179 2.472 0.5)
(-0.697827 0.460452 0.5)
(0.696836 -0.458277 0.5)
(-2.1399 -1.31035 0.5)
(2.14156 1.30942 0.5)
(-4.50656 -4.63834 0.5)
(4.50703 4.63771 0.5)
(1.14962 1.25618 0.5)
(-1.14844 -1.2562 0.5)
(1.13848 3.86668 0.5)
(-1.13881 -3.86673 0.5)
(1.77218 -2.9104 0.5)
(-1.77713 2.90231 0.5)
(-9.73107 -4.16594 0.5)
(9.73107 4.16594 0.5)
(-1.92199 -3.01538 0.5)
(1.923 3.01539 0.5)
(2.11226 -3.00954 0.5)
(1.8836 -3.2006 0.5)
(-2.11783 3.00043 0.5)
(-1.89412 3.18341 0.5)
(1.01856 1.01748 0.5)
(-1.01795 -1.01899 0.5)
(9.73107 4.7215 0.5)
(-9.73107 -4.7215 0.5)
(8.43181 -2.52373 0.5)
(-8.43609 2.52097 0.5)
(-5.43793 -3.79991 0.5)
(5.43681 3.80108 0.5)
(-6.16797 -1.15023 0.5)
(-6.3541 -1.47973 0.5)
(-6.56602 -1.16898 0.5)
(6.16693 1.16449 0.5)
(6.35692 1.49212 0.5)
(6.56599 1.17896 0.5)
(-2.67184 -4.1925 0.5)
(2.67468 4.19205 0.5)
(0.652646 -4.2572 0.5)
(-0.659673 4.24571 0.5)
(-8.67703 4.67726 0.5)
(8.67235 -4.68073 0.5)
(0.540248 -0.819099 0.5)
(-0.547625 0.813658 0.5)
(9.71404 -2.48171 0.5)
(-9.71404 2.48171 0.5)
(-4.68553 3.0562 0.5)
(-4.66315 2.70505 0.5)
(4.66882 -3.05618 0.5)
(4.64425 -2.69994 0.5)
(9.69971 2.4514 0.5)
(-9.69941 -2.45082 0.5)
(-6.89723 -0.480691 0.5)
(6.90634 0.485773 0.5)
(-5.98172 0.802461 0.5)
(-5.6467 0.683108 0.5)
(5.65663 -0.688504 0.5)
(5.99692 -0.805778 0.5)
(0.761559 3.45551 0.5)
(0.417467 3.49893 0.5)
(0.782014 3.80583 0.5)
(-0.761706 -3.45575 0.5)
(-0.418092 -3.49995 0.5)
(-0.78225 -3.80622 0.5)
(-1.94909 3.55279 0.5)
(1.94599 -3.57811 0.5)
(5.71705 3.97578 0.5)
(-5.71731 -3.97439 0.5)
(-1.69445 0.361869 0.5)
(1.69457 -0.361952 0.5)
(-4.27918 3.25085 0.5)
(4.27078 -3.25046 0.5)
(1.11802 3.51636 0.5)
(-1.11826 -3.51626 0.5)
(-6.77512 -0.833393 0.5)
(6.78228 0.844399 0.5)
(0.597988 3.14986 0.5)
(-0.597999 -3.15008 0.5)
(-2.25022 -2.9771 0.5)
(2.25028 2.97721 0.5)
(-2.41306 2.9153 0.5)
(2.40688 -2.92542 0.5)
(7.26517 -2.44091 0.5)
(-7.26612 2.4402 0.5)
(-5.52375 0.374916 0.5)
(5.5332 -0.377892 0.5)
(-8.67242 2.98385 0.5)
(8.66899 -2.98884 0.5)
(-8.91633 2.599 0.5)
(8.91642 -2.60096 0.5)
(1.59813 -0.58084 0.5)
(-1.59802 0.580758 0.5)
(-4.72569 2.33354 0.5)
(4.71009 -2.32905 0.5)
(-4.83844 1.92207 0.5)
(4.83518 -1.92148 0.5)
(-5.81164 -1.17775 0.5)
(5.81249 1.18722 0.5)
(7.45773 -2.08931 0.5)
(-7.45817 2.08936 0.5)
(-0.919399 -3.22399 0.5)
(0.919325 3.22387 0.5)
(-2.16248 -1.53536 0.5)
(2.16388 1.53504 0.5)
(-5.93621 -4.32164 0.5)
(5.93606 4.32179 0.5)
(-9.26996 -2.52825 0.5)
(9.27026 2.52883 0.5)
(-8.79424 4.25634 0.5)
(8.78789 -4.26517 0.5)
(-4.95643 0.604561 0.5)
(4.95783 -0.603832 0.5)
(9.29083 -2.62585 0.5)
(-9.29037 2.62376 0.5)
(-4.01843 -2.32568 0.5)
(4.02118 2.32895 0.5)
(-2.96402 -3.99939 0.5)
(2.96445 3.9992 0.5)
(1.32174 -0.544459 0.5)
(-1.32159 0.544011 0.5)
(-5.2977 0.627065 0.5)
(5.30151 -0.629325 0.5)
(3.20049 3.43012 0.5)
(-3.20585 -3.42979 0.5)
(-3.25526 -3.79559 0.5)
(3.25606 3.79488 0.5)
(-2.38409 -1.41947 0.5)
(2.38471 1.41874 0.5)
)


// ************************************************************************* //
